time,oscillator_id,action,carrier_sense_start,carrier_sense_end,blocking_oscillator_id,blocking_transmission_start,blocking_transmission_end
1572.0,8,send_clear,1567.0,1572.0,,,
2140.5088,3,send_clear,2135.5088,2140.5088,,,
2673.0176,4,send_clear,2668.0176,2673.0176,,,
3140.1184,2,send_clear,3135.1184,3140.1184,,,
3767.182336,9,send_clear,3762.182336,3767.182336,,,
4444.7712512,7,send_clear,4439.7712512,4444.7712512,,,
4766.976051199999,6,send_clear,4761.976051199999,4766.976051199999,,,
5313.98342144,0,send_clear,5308.98342144,5313.98342144,,,
6004.50869248,1,send_clear,5999.50869248,6004.50869248,,,
6287.28949248,5,send_clear,6282.28949248,6287.28949248,,,
6883.25863923712,8,send_clear,6878.25863923712,6883.25863923712,,,
7427.161136881665,3,send_clear,7422.161136881665,7427.161136881665,,,
7954.880713654273,4,send_clear,7949.880713654273,7954.880713654273,,,
8448.145123254271,2,send_clear,8443.145123254271,8448.145123254271,,,
9030.802473875538,9,send_clear,9025.802473875538,9030.802473875538,,,
9659.91315526379,7,send_clear,9654.91315526379,9659.91315526379,,,
10085.171539640844,6,send_clear,10080.171539640844,10085.171539640844,,,
10620.965642491974,0,send_clear,10615.965642491974,10620.965642491974,,,
11238.10197802813,1,send_clear,11233.10197802813,11238.10197802813,,,
11636.99454762813,5,send_clear,11631.99454762813,11636.99454762813,,,
12189.232723538506,8,send_clear,12184.232723538506,12189.232723538506,,,
12720.974699599215,3,send_clear,12715.974699599215,12720.974699599215,,,
13242.991672424738,4,send_clear,13237.991672424738,13242.991672424738,,,
13749.651850139937,2,send_clear,13744.651850139937,13749.651850139937,,,
14305.91846089629,9,send_clear,14300.91846089629,14305.91846089629,,,
14900.868247570474,7,send_clear,14895.868247570474,14900.868247570474,,,
15381.026228627641,6,send_clear,15376.026228627641,15381.026228627641,,,
15915.158016531666,0,send_clear,15910.158016531666,15915.158016531666,,,
16493.776905824758,1,send_clear,16488.776905824758,16493.776905824758,,,
16952.11870145996,5,send_clear,16947.11870145996,16952.11870145996,,,
17487.932828288598,8,send_clear,17482.932828288598,17487.932828288598,,,
18014.293520031682,3,send_clear,18009.293520031682,18014.293520031682,,,
18533.838466884346,4,send_clear,18528.838466884346,18533.838466884346,,,
19047.357277874526,2,send_clear,19042.357277874526,19047.357277874526,,,
19588.069265250026,9,send_clear,19583.069265250026,19588.069265250026,,,
20159.14253595503,7,send_clear,20154.14253595503,20159.14253595503,,,
20667.1722159527,6,send_clear,20662.1722159527,20667.1722159527,,,
21201.99421952361,0,send_clear,21196.99421952361,21201.99421952361,,,
21760.559458185002,1,send_clear,21755.559458185002,21760.559458185002,,,
22251.182775695153,5,send_clear,22246.182775695153,22251.182775695153,,,
22781.598918553336,8,send_clear,22776.598918553336,22781.598918553336,,,
23305.204392725795,3,send_clear,23300.204392725795,23305.204392725795,,,
23825.14916431968,4,send_clear,23820.14916431968,23825.14916431968,,,
24342.17959554665,2,send_clear,24337.17959554665,24342.17959554665,,,
24874.2199551605,9,send_clear,24869.2199551605,24874.2199551605,,,
25428.839789330785,7,send_clear,25423.839789330785,25428.839789330785,,,
25950.02920890157,6,send_clear,25945.02920890157,25950.02920890157,,,
26485.292348568353,0,send_clear,26480.292348568353,26485.292348568353,,,
27033.217036376325,1,send_clear,27028.217036376325,27033.217036376325,,,
27542.4429994911,5,send_clear,27537.4429994911,27542.4429994911,,,
28071.42247359257,8,send_clear,28066.42247359257,28071.42247359257,,,
28593.8020259816,3,send_clear,28588.8020259816,28593.8020259816,,,
29115.679306135728,4,send_clear,29110.679306135728,29115.679306135728,,,
29634.53496653406,2,send_clear,29629.53496653406,29634.53496653406,,,
30162.31229359125,9,send_clear,30157.31229359125,30162.31229359125,,,
30705.841358535403,7,send_clear,30700.841358535403,30705.841358535403,,,
31232.552772378687,6,send_clear,31227.552772378687,31232.552772378687,,,
31767.42811492515,0,send_clear,31762.42811492515,31767.42811492515,,,
32309.348809846473,1,send_clear,32304.348809846473,32309.348809846473,,,
32829.217620031624,5,send_clear,32824.217620031624,32829.217620031624,,,
33358.44555668101,8,send_clear,33353.44555668101,33358.44555668101,,,
33881.79306716949,3,send_clear,33876.79306716949,33881.79306716949,,,
34405.14049842973,4,send_clear,34400.14049842973,34405.14049842973,,,
34925.61320901486,2,send_clear,34920.61320901486,34925.61320901486,,,
35451.22082945013,9,send_clear,35446.22082945013,35451.22082945013,,,
35987.47658879506,7,send_clear,35982.47658879506,35987.47658879506,,,
36515.92026479339,6,send_clear,36510.92026479339,36515.92026479339,,,
37049.73014071799,0,send_clear,37044.73014071799,37049.73014071799,,,
37587.872348812285,1,send_clear,37582.872348812285,37587.872348812285,,,
38113.626409097575,5,send_clear,38108.626409097575,38113.626409097575,,,
38643.58585390532,8,send_clear,38638.58585390532,38643.58585390532,,,
39168.64079922515,3,send_clear,39163.64079922515,39168.64079922515,,,
39693.38765546491,4,send_clear,39688.38765546491,39693.38765546491,,,
40215.44835273852,2,send_clear,40210.44835273852,40215.44835273852,,,
40740.20886627017,9,send_clear,40735.20886627017,40740.20886627017,,,
41271.89436652104,7,send_clear,41266.89436652104,41271.89436652104,,,
41800.39710137521,6,send_clear,41795.39710137521,41800.39710137521,,,
42332.80564897792,0,send_clear,42327.80564897792,42332.80564897792,,,
42868.25880925548,1,send_clear,42863.25880925548,42868.25880925548,,,
43397.01740751001,5,send_clear,43392.01740751001,43397.01740751001,,,
43927.61567748228,8,send_clear,43922.61567748228,43927.61567748228,,,
44454.37187220215,3,send_clear,44449.37187220215,44454.37187220215,,,
44980.45682233514,4,send_clear,44975.45682233514,44980.45682233514,,,
45504.07364977203,2,send_clear,45499.07364977203,45504.07364977203,,,
46028.81733594094,9,send_clear,46023.81733594094,46028.81733594094,,,
46557.82348572518,7,send_clear,46552.82348572518,46557.82348572518,,,
47085.82545577572,6,send_clear,47080.82545577572,47085.82545577572,,,
47616.80830421704,0,send_clear,47611.80830421704,47616.80830421704,,,
48150.175211691036,1,send_clear,48145.175211691036,48150.175211691036,,,
48680.21135181934,5,send_clear,48675.21135181934,48680.21135181934,,,
49211.140177823094,8,send_clear,49206.140177823094,49211.140177823094,,,
49739.25569006509,3,send_clear,49734.25569006509,49739.25569006509,,,
50266.5217727592,4,send_clear,50261.5217727592,50266.5217727592,,,
50791.58824081635,2,send_clear,50786.58824081635,50791.58824081635,,,
51316.80006680694,9,send_clear,51311.80006680694,51316.80006680694,,,
51844.41700275613,7,send_clear,51839.41700275613,51844.41700275613,,,
52371.8955429368,6,send_clear,52366.8955429368,52371.8955429368,,,
52901.63898372724,0,send_clear,52896.63898372724,52901.63898372724,,,
53433.3390590976,1,send_clear,53428.3390590976,53433.3390590976,,,
53963.66115438026,5,send_clear,53958.66115438026,53963.66115438026,,,
54494.59203413845,8,send_clear,54489.59203413845,54494.59203413845,,,
55023.62367317019,3,send_clear,55018.62367317019,55023.62367317019,,,
55551.82923466208,4,send_clear,55546.82923466208,55551.82923466208,,,
56078.15794876211,2,send_clear,56073.15794876211,56078.15794876211,,,
56604.0721500548,9,send_clear,56599.0721500548,56604.0721500548,,,
57131.14242357682,7,send_clear,57126.14242357682,57131.14242357682,,,
57658.289016203686,6,send_clear,57653.289016203686,57658.289016203686,,,
58187.085380598466,0,send_clear,58182.085380598466,58187.085380598466,,,
58717.47615653474,1,send_clear,58712.47615653474,58717.47615653474,,,
59247.56787100607,5,send_clear,59242.56787100607,59247.56787100607,,,
59778.24450109538,8,send_clear,59773.24450109538,59778.24450109538,,,
60307.77475040897,3,send_clear,60302.77475040897,60307.77475040897,,,
60836.64062044078,4,send_clear,60831.64062044078,60836.64062044078,,,
61363.989011361344,2,send_clear,61358.989011361344,61363.989011361344,,,
61890.662317577866,9,send_clear,61885.662317577866,61890.662317577866,,,
62417.697696422554,7,send_clear,62412.697696422554,62417.697696422554,,,
62944.746320467326,6,send_clear,62939.746320467326,62944.746320467326,,,
63472.911379104095,0,send_clear,63467.911379104095,63472.911379104095,,,
64002.32226727783,1,send_clear,63997.32226727783,64002.32226727783,,,
64531.9695515561,5,send_clear,64526.9695515561,64531.9695515561,,,
65062.23779377672,8,send_clear,65057.23779377672,65062.23779377672,,,
65591.93436726606,3,send_clear,65586.93436726606,65591.93436726606,,,
66121.19075753959,4,send_clear,66116.19075753959,66121.19075753959,,,
66649.29645754174,2,send_clear,66644.29645754174,66649.29645754174,,,
67176.66953596451,9,send_clear,67171.66953596451,67176.66953596451,,,
67703.94370611002,7,send_clear,67698.94370611002,67703.94370611002,,,
68231.0893520754,6,send_clear,68226.0893520754,68231.0893520754,,,
68758.9079860193,0,send_clear,68753.9079860193,68758.9079860193,,,
69287.63798459375,1,send_clear,69282.63798459375,69287.63798459375,,,
69816.80922767773,5,send_clear,69811.80922767773,69816.80922767773,,,
70346.61195108766,8,send_clear,70341.61195108766,70346.61195108766,,,
70876.24570169624,3,send_clear,70871.24570169624,70876.24570169624,,,
71405.6649773386,4,send_clear,71400.6649773386,71405.6649773386,,,
71934.27788056583,2,send_clear,71929.27788056583,71934.27788056583,,,
72462.22631550462,9,send_clear,72457.22631550462,72462.22631550462,,,
72989.84953590187,7,send_clear,72984.84953590187,72989.84953590187,,,
73517.21914298937,6,send_clear,73512.21914298937,73517.21914298937,,,
74044.91670539453,0,send_clear,74039.91670539453,74044.91670539453,,,
74573.2225540972,1,send_clear,74568.2225540972,74573.2225540972,,,
75101.9849293963,5,send_clear,75096.9849293963,75101.9849293963,,,
75631.34008323091,8,send_clear,75626.34008323091,75631.34008323091,,,
76160.77869443518,3,send_clear,76155.77869443518,76160.77869443518,,,
76690.19157770068,4,send_clear,76685.19157770068,76690.19157770068,,,
77219.09659021189,2,send_clear,77214.09659021189,77219.09659021189,,,
77747.47065239745,9,send_clear,77742.47065239745,77747.47065239745,,,
78275.44912789059,7,send_clear,78270.44912789059,78275.44912789059,,,
78803.1012214749,6,send_clear,78798.1012214749,78803.1012214749,,,
79330.83463620997,0,send_clear,79325.83463620997,79330.83463620997,,,
79858.92139730019,1,send_clear,79853.92139730019,79858.92139730019,,,
80387.38401606727,5,send_clear,80382.38401606727,80387.38401606727,,,
80916.35772004926,8,send_clear,80911.35772004926,80916.35772004926,,,
81445.54719101913,3,send_clear,81440.54719101913,81445.54719101913,,,
81974.84512314014,4,send_clear,81969.84512314014,81974.84512314014,,,
82503.8742329267,2,send_clear,82498.8742329267,82503.8742329267,,,
83032.52712382212,9,send_clear,83027.52712382212,83032.52712382212,,,
83560.80858388267,7,send_clear,83555.80858388267,83560.80858388267,,,
84088.74667833201,6,send_clear,84083.74667833201,84088.74667833201,,,
84616.60871626201,0,send_clear,84611.60871626201,84616.60871626201,,,
85144.62674605765,1,send_clear,85139.62674605765,85144.62674605765,,,
85672.9043540965,5,send_clear,85667.9043540965,85672.9043540965,,,
86201.58593102005,8,send_clear,86196.58593102005,86201.58593102005,,,
86730.52792511169,3,send_clear,86725.52792511169,86730.52792511169,,,
87259.65605279524,4,send_clear,87254.65605279524,87259.65605279524,,,
87788.69102765,2,send_clear,87783.69102765,87788.69102765,,,
88317.49637322339,9,send_clear,88312.49637322339,88317.49637322339,,,
88846.00317275358,7,send_clear,88841.00317275358,88846.00317275358,,,
89374.19376839895,6,send_clear,89369.19376839895,89374.19376839895,,,
89902.22467972805,0,send_clear,89897.22467972805,89902.22467972805,,,
90430.27289636634,1,send_clear,90425.27289636634,90430.27289636634,,,
90958.46515465152,5,send_clear,90953.46515465152,90958.46515465152,,,
91486.94753020175,8,send_clear,91481.94753020175,91486.94753020175,,,
92015.67764285607,3,send_clear,92010.67764285607,92015.67764285607,,,
92544.62284719244,4,send_clear,92539.62284719244,92544.62284719244,,,
93073.59108999146,2,send_clear,93068.59108999146,93073.59108999146,,,
93602.45139241205,9,send_clear,93597.45139241205,93602.45139241205,,,
94131.10272344333,7,send_clear,94126.10272344333,94131.10272344333,,,
94659.49261924991,6,send_clear,94654.49261924991,94659.49261924991,,,
95187.69459462687,0,send_clear,95182.69459462687,95187.69459462687,,,
95715.82823167981,1,send_clear,95710.82823167981,95715.82823167981,,,
96244.01032045324,5,send_clear,96239.01032045324,96244.01032045324,,,
96772.37684048853,8,send_clear,96767.37684048853,96772.37684048853,,,
97300.94655079811,3,send_clear,97295.94655079811,97300.94655079811,,,
97829.72406684095,4,send_clear,97824.72406684095,97829.72406684095,,,
98358.59039909042,2,send_clear,98353.59039909042,98358.59039909042,,,
98887.43866165636,9,send_clear,98882.43866165636,98887.43866165636,,,
99416.16377918946,7,send_clear,99411.16377918946,99416.16377918946,,,
99944.69405802284,6,send_clear,99939.69405802284,99944.69405802284,,,
100473.04539683607,0,send_clear,100468.04539683607,100473.04539683607,,,
101001.28603692594,1,send_clear,100996.28603692594,101001.28603692594,,,
101529.50691596902,5,send_clear,101524.50691596902,101529.50691596902,,,
102057.82416701461,8,send_clear,102052.82416701461,102057.82416701461,,,
102586.28757246876,3,send_clear,102581.28757246876,102586.28757246876,,,
103114.92862399429,4,send_clear,103109.92862399429,103114.92862399429,,,
103643.68543181173,2,send_clear,103638.68543181173,103643.68543181173,,,
104172.4822496615,9,send_clear,104167.4822496615,104172.4822496615,,,
104701.22677770343,7,send_clear,104696.22677770343,104701.22677770343,,,
105229.84255262114,6,send_clear,105224.84255262114,105229.84255262114,,,
105758.30968893185,0,send_clear,105753.30968893185,105758.30968893185,,,
106286.65564983836,1,send_clear,106281.65564983836,106286.65564983836,,,
106814.94094641693,5,send_clear,106809.94094641693,106814.94094641693,,,
107343.25640014687,8,send_clear,107338.25640014687,107343.25640014687,,,
107871.66171783609,3,send_clear,107866.66171783609,107871.66171783609,,,
108400.20352694707,4,send_clear,108395.20352694707,108400.20352694707,,,
108928.86109660269,2,send_clear,108923.86109660269,108928.86109660269,,,
109457.58926341542,9,send_clear,109452.58926341542,109457.58926341542,,,
109986.3166058697,7,send_clear,109981.3166058697,109986.3166058697,,,
110514.97267699793,6,send_clear,110509.97267699793,110514.97267699793,,,
111043.51923325512,0,send_clear,111038.51923325512,111043.51923325512,,,
111571.95493086724,1,send_clear,111566.95493086724,111571.95493086724,,,
112100.3121092011,5,send_clear,112095.3121092011,112100.3121092011,,,
112628.65514687297,8,send_clear,112623.65514687297,112628.65514687297,,,
113157.04030626187,3,send_clear,113152.04030626187,113157.04030626187,,,
113685.51898199818,4,send_clear,113680.51898199818,113685.51898199818,,,
114214.09718722725,2,send_clear,114209.09718722725,114214.09718722725,,,
114742.75544315102,9,send_clear,114737.75544315102,114742.75544315102,,,
115271.44510634316,7,send_clear,115266.44510634316,115271.44510634316,,,
115800.10824545147,6,send_clear,115795.10824545147,115800.10824545147,,,
116328.70101538848,0,send_clear,116323.70101538848,116328.70101538848,,,
116857.20451810496,1,send_clear,116852.20451810496,116857.20451810496,,,
117385.62865597186,5,send_clear,117380.62865597186,117385.62865597186,,,
117914.01358808987,8,send_clear,117909.01358808987,117914.01358808987,,,
118442.40493858106,3,send_clear,118437.40493858106,118442.40493858106,,,
118970.85115028943,4,send_clear,118965.85115028943,118970.85115028943,,,
119499.37306005628,2,send_clear,119494.37306005628,119499.37306005628,,,
120027.97011967422,9,send_clear,120022.97011967422,120027.97011967422,,,
120556.61442160347,7,send_clear,120551.61442160347,120556.61442160347,,,
121085.2632205575,6,send_clear,121080.2632205575,121085.2632205575,,,
121613.87544141669,0,send_clear,121608.87544141669,121613.87544141669,,,
122142.42393515972,1,send_clear,122137.42393515972,122142.42393515972,,,
122670.9030374806,5,send_clear,122665.9030374806,122670.9030374806,,,
123199.33297349919,8,send_clear,123194.33297349919,123199.33297349919,,,
123727.74608138861,3,send_clear,123722.74608138861,123727.74608138861,,,
124256.18306822282,4,send_clear,124251.18306822282,124256.18306822282,,,
124784.67058510277,2,send_clear,124779.67058510277,124784.67058510277,,,
125313.22012452771,9,send_clear,125308.22012452771,125313.22012452771,,,
125841.8203883482,7,send_clear,125836.8203883482,125841.8203883482,,,
126370.44359875088,6,send_clear,126365.44359875088,126370.44359875088,,,
126899.05610439257,0,send_clear,126894.05610439257,126899.05610439257,,,
127427.62935518086,1,send_clear,127422.62935518086,127427.62935518086,,,
127956.14863172657,5,send_clear,127951.14863172657,127956.14863172657,,,
128484.61936621372,8,send_clear,128479.61936621372,128484.61936621372,,,
129013.0609864077,3,send_clear,129008.0609864077,129013.0609864077,,,
129541.50429953834,4,send_clear,129536.50429953834,129541.50429953834,,,
130069.97563219866,2,send_clear,130064.97563219866,130069.97563219866,,,
130598.4925340636,9,send_clear,130593.4925340636,130598.4925340636,,,
131127.05549650735,7,send_clear,131122.05549650735,131127.05549650735,,,
131655.6496479522,6,send_clear,131650.6496479522,131655.6496479522,,,
132184.25055584285,0,send_clear,132179.25055584285,132184.25055584285,,,
132712.83268215667,1,send_clear,132707.83268215667,132712.83268215667,,,
133241.3775896712,5,send_clear,133236.3775896712,133241.3775896712,,,
133769.88098145608,8,send_clear,133764.88098145608,133769.88098145608,,,
134298.35148193952,3,send_clear,134293.35148193952,134298.35148193952,,,
134826.80984512542,4,send_clear,134821.80984512542,134826.80984512542,,,
135355.27845074254,2,send_clear,135350.27845074254,135355.27845074254,,,
135883.77632716927,9,send_clear,135878.77632716927,135883.77632716927,,,
136412.31117531736,7,send_clear,136407.31117531736,136412.31117531736,,,
136940.87806209995,6,send_clear,136935.87806209995,136940.87806209995,,,
137469.4615962102,0,send_clear,137464.4615962102,137469.4615962102,,,
137998.0415657583,1,send_clear,137993.0415657583,137998.0415657583,,,
138526.59966593486,5,send_clear,138521.59966593486,138526.59966593486,,,
139055.12625184018,8,send_clear,139050.12625184018,139055.12625184018,,,
139583.6219853589,3,send_clear,139578.6219853589,139583.6219853589,,,
140112.09873824648,4,send_clear,140107.09873824648,140112.09873824648,,,
140640.57331378193,2,send_clear,140635.57331378193,140640.57331378193,,,
141169.06315026415,9,send_clear,141164.06315026415,141169.06315026415,,,
141697.57935246103,7,send_clear,141692.57935246103,141697.57935246103,,,
142226.12377427844,6,send_clear,142221.12377427844,142226.12377427844,,,
142754.68871282396,0,send_clear,142749.68871282396,142754.68871282396,,,
143283.25998853464,1,send_clear,143278.25998853464,143283.25998853464,,,
143811.82181795707,5,send_clear,143806.82181795707,143811.82181795707,,,
144340.36260293468,8,send_clear,144335.36260293468,144340.36260293468,,,
144868.87792208977,3,send_clear,144863.87792208977,144868.87792208977,,,
145397.37263336524,4,send_clear,145392.37263336524,145397.37263336524,,,
145925.85775502786,2,send_clear,145920.85775502786,145925.85775502786,,,
146454.34742851308,9,send_clear,146449.34742851308,146454.34742851308,,,
146982.85335208214,7,send_clear,146977.85335208214,146982.85335208214,,,
147511.38131451674,6,send_clear,147506.38131451674,147511.38131451674,,,
148039.92941544382,0,send_clear,148034.92941544382,148039.92941544382,,,
148568.48912607363,1,send_clear,148563.48912607363,148568.48912607363,,,
149097.04833517826,5,send_clear,149092.04833517826,149097.04833517826,,,
149625.59583308562,8,send_clear,149620.59583308562,149625.59583308562,,,
150154.1246103831,3,send_clear,150149.1246103831,150154.1246103831,,,
150682.63458072406,4,send_clear,150677.63458072406,150682.63458072406,,,
151211.13165702394,2,send_clear,151206.13165702394,151211.13165702394,,,
151739.626058569,9,send_clear,151734.626058569,151739.626058569,,,
152268.1282621702,7,send_clear,152263.1282621702,152268.1282621702,,,
152796.6457030958,6,send_clear,152791.6457030958,152796.6457030958,,,
153325.18032845043,0,send_clear,153320.18032845043,153325.18032845043,,,
153853.72825887252,1,send_clear,153848.72825887252,153853.72825887252,,,
154382.28127884067,5,send_clear,154377.28127884067,154382.28127884067,,,
154910.82995036253,8,send_clear,154905.82995036253,154910.82995036253,,,
155439.3665853322,3,send_clear,155434.3665853322,155439.3665853322,,,
155967.88808078784,4,send_clear,155962.88808078784,155967.88808078784,,,
156496.39637030606,2,send_clear,156491.39637030606,156496.39637030606,,,
157024.89788447143,9,send_clear,157019.89788447143,157024.89788447143,,,
157553.4009239322,7,send_clear,157548.4009239322,157553.4009239322,,,
158081.9129362832,6,send_clear,158076.9129362832,158081.9129362832,,,
158610.43798529406,0,send_clear,158605.43798529406,158610.43798529406,,,
159138.97559254253,1,send_clear,159133.97559254253,159138.97559254253,,,
159667.52105461358,5,send_clear,159662.52105461358,159667.52105461358,,,
160196.06731396154,8,send_clear,160191.06731396154,160196.06731396154,,,
160724.6072861431,3,send_clear,160719.6072861431,160724.6072861431,,,
161253.13643916667,4,send_clear,161248.13643916667,161253.13643916667,,,
161781.6539706121,2,send_clear,161776.6539706121,161781.6539706121,,,
162310.16311045078,9,send_clear,162305.16311045078,162310.16311045078,,,
162838.6696887047,7,send_clear,162833.6696887047,162838.6696887047,,,
163367.1801546343,6,send_clear,163362.1801546343,163367.1801546343,,,
163895.69933170782,0,send_clear,163890.69933170782,163895.69933170782,,,
164424.22891031028,1,send_clear,164419.22891031028,164424.22891031028,,,
164952.76699008798,5,send_clear,164947.76699008798,164952.76699008798,,,
165481.3089446026,8,send_clear,165476.3089446026,165481.3089446026,,,
166009.8490104662,3,send_clear,166004.8490104662,166009.8490104662,,,
166538.38239429632,4,send_clear,166533.38239429632,166538.38239429632,,,
167066.9067017256,2,send_clear,167061.9067017256,167066.9067017256,,,
167595.422754121,9,send_clear,167590.422754121,167595.422754121,,,
168123.9340638713,7,send_clear,168118.9340638713,168123.9340638713,,,
168652.44559239957,6,send_clear,168647.44559239957,168652.44559239957,,,
169180.96198099232,0,send_clear,169175.96198099232,169180.96198099232,,,
169709.486033581,1,send_clear,169704.486033581,169709.486033581,,,
170238.01783733128,5,send_clear,170233.01783733128,170238.01783733128,,,
170766.5548973849,8,send_clear,170761.5548973849,170766.5548973849,,,
171295.09304014835,3,send_clear,171290.09304014835,171295.09304014835,,,
171823.6279639609,4,send_clear,171818.6279639609,171823.6279639609,,,
172352.15660832028,2,send_clear,172347.15660832028,172352.15660832028,,,
172880.67819853526,9,send_clear,172875.67819853526,172880.67819853526,,,
173409.19433791595,7,send_clear,173404.19433791595,173409.19433791595,,,
173937.70839848454,6,send_clear,173932.70839848454,173937.70839848454,,,
174466.22428159855,0,send_clear,174461.22428159855,174466.22428159855,,,
174994.74510156907,1,send_clear,174989.74510156907,174994.74510156907,,,
175523.2721612616,5,send_clear,175518.2721612616,175523.2721612616,,,
176051.8046228297,8,send_clear,176046.8046228297,176051.8046228297,,,
176580.33985606275,3,send_clear,176575.33985606275,176580.33985606275,,,
177108.87444780028,4,send_clear,177103.87444780028,177108.87444780028,,,
177637.4053358551,2,send_clear,177632.4053358551,177637.4053358551,,,
178165.93086588162,9,send_clear,178160.93086588162,178165.93086588162,,,
178694.45124317933,7,send_clear,178689.45124317933,178694.45124317933,,,
179222.968402207,6,send_clear,179217.968402207,179222.968402207,,,
179751.48525957315,0,send_clear,179746.48525957315,179751.48525957315,,,
180280.00470127197,1,send_clear,180275.00470127197,180280.00470127197,,,
180808.5286049935,5,send_clear,180803.5286049935,180808.5286049935,,,
181337.05727181322,8,send_clear,181332.05727181322,181337.05727181322,,,
181865.58937904178,3,send_clear,181860.58937904178,181865.58937904178,,,
182394.12252589065,4,send_clear,182389.12252589065,182394.12252589065,,,
182922.65406077207,2,send_clear,182917.65406077207,182922.65406077207,,,
183451.18201046114,9,send_clear,183446.18201046114,183451.18201046114,,,
183979.70568745054,7,send_clear,183974.70568745054,183979.70568745054,,,
184508.22587657638,6,send_clear,184503.22587657638,184508.22587657638,,,
185036.74449143416,0,send_clear,185031.74449143416,185036.74449143416,,,
185565.26388735313,1,send_clear,185560.26388735313,185565.26388735313,,,
186093.78604329593,5,send_clear,186088.78604329593,186093.78604329593,,,
186622.31192459614,8,send_clear,186617.31192459614,186622.31192459614,,,
187150.8411944333,3,send_clear,187145.8411944333,187150.8411944333,,,
187679.37240339207,4,send_clear,187674.37240339207,187679.37240339207,,,
188207.90351068185,2,send_clear,188202.90351068185,188207.90351068185,,,
188736.43261337423,9,send_clear,188731.43261337423,188736.43261337423,,,
189264.95856435227,7,send_clear,189259.95856435227,189264.95856435227,,,
189793.4813320192,6,send_clear,189788.4813320192,189793.4813320192,,,
190322.00195121806,0,send_clear,190317.00195121806,190322.00195121806,,,
190850.52213127268,1,send_clear,190845.52213127268,190850.52213127268,,,
191379.0436461588,5,send_clear,191374.0436461588,191379.0436461588,,,
191907.5677419769,8,send_clear,191902.5677419769,191907.5677419769,,,
192436.0947362181,3,send_clear,192431.0947362181,192436.0947362181,,,
192964.62396413085,4,send_clear,192959.62396413085,192964.62396413085,,,
193493.15403745745,2,send_clear,193488.15403745745,193493.15403745745,,,
194021.68335431194,9,send_clear,194016.68335431194,194021.68335431194,,,
194550.21063804106,7,send_clear,194545.21063804106,194550.21063804106,,,
195078.73535679042,6,send_clear,195073.73535679042,195078.73535679042,,,
195607.2578622242,0,send_clear,195602.2578622242,195607.2578622242,,,
196135.77923354582,1,send_clear,196130.77923354582,196135.77923354582,,,
196664.30087820668,5,send_clear,196659.30087820668,196664.30087820668,,,
197192.82404787387,8,send_clear,197187.82404787387,197192.82404787387,,,
197721.34942126743,3,send_clear,197716.34942126743,197721.34942126743,,,
198249.87690895706,4,send_clear,198244.87690895706,198249.87690895706,,,
198778.40571316698,2,send_clear,198773.40571316698,198778.40571316698,,,
199306.93463482615,9,send_clear,199301.93463482615,199306.93463482615,,,
199835.46248941822,7,send_clear,199830.46248941822,199835.46248941822,,,
200363.9885078017,6,send_clear,200358.9885078017,200363.9885078017,,,
200892.51257169075,0,send_clear,200887.51257169075,200892.51257169075,,,
201421.03522505573,1,send_clear,201416.03522505573,201421.03522505573,,,
201949.55745853393,5,send_clear,201944.55745853393,201949.55745853393,,,
202478.080358355,8,send_clear,202473.080358355,202478.080358355,,,
203006.60473464758,3,send_clear,203001.60473464758,203006.60473464758,,,
203535.13086599883,4,send_clear,203530.13086599883,203535.13086599883,,,
204063.65842717024,2,send_clear,204058.65842717024,204063.65842717024,,,
204592.1866302826,9,send_clear,204587.1866302826,204592.1866302826,,,
205120.7145076314,7,send_clear,205115.7145076314,205120.7145076314,,,
205649.24124736458,6,send_clear,205644.24124736458,205649.24124736458,,,
206177.76645657604,0,send_clear,206172.76645657604,206177.76645657604,,,
206706.2902749292,1,send_clear,206701.2902749292,206706.2902749292,,,
207234.8133014997,5,send_clear,207229.8133014997,207234.8133014997,,,
207763.3363736358,8,send_clear,207758.3363736358,207763.3363736358,,,
208291.86027314156,3,send_clear,208286.86027314156,208291.86027314156,,,
208820.3854686493,4,send_clear,208815.3854686493,208820.3854686493,,,
209348.91197082147,2,send_clear,209343.91197082147,209348.91197082147,,,
209877.43935252907,9,send_clear,209872.43935252907,209877.43935252907,,,
210405.96691072136,7,send_clear,210400.96691072136,210405.96691072136,,,
210934.49391686224,6,send_clear,210929.49391686224,210934.49391686224,,,
211463.01986129652,0,send_clear,211458.01986129652,211463.01986129652,,,
211991.54461491195,1,send_clear,211986.54461491195,211991.54461491195,,,
212520.06845374964,5,send_clear,212515.06845374964,212520.06845374964,,,
213048.59194826274,8,send_clear,213043.59194826274,213048.59194826274,,,
213577.1157570631,3,send_clear,213572.1157570631,213577.1157570631,,,
214105.6404030702,4,send_clear,214100.6404030702,214105.6404030702,,,
214634.16610306987,2,send_clear,214629.16610306987,214634.16610306987,,,
215162.69271072382,9,send_clear,215157.69271072382,215162.69271072382,,,
215691.2197814976,7,send_clear,215686.2197814976,215691.2197814976,,,
216219.74673680717,6,send_clear,216214.74673680717,216219.74673680717,,,
216748.27306363083,0,send_clear,216743.27306363083,216748.27306363083,,,
217276.79848415896,1,send_clear,217271.79848415896,217276.79848415896,,,
217805.32303741248,5,send_clear,217800.32303741248,217805.32303741248,,,
218333.84705183608,8,send_clear,218328.84705183608,218333.84705183608,,,
218862.3710208736,3,send_clear,218857.3710208736,218862.3710208736,,,
219390.89543043342,4,send_clear,219385.89543043342,219390.89543043342,,,
219919.4205953912,2,send_clear,219914.4205953912,219919.4205953912,,,
220447.94656281083,9,send_clear,220442.94656281083,220447.94656281083,,,
220976.4731079832,7,send_clear,220971.4731079832,220976.4731079832,,,
221504.99982320296,6,send_clear,221499.99982320296,221504.99982320296,,,
222033.52626264162,0,send_clear,222028.52626264162,222033.52626264162,,,
222562.05209410252,1,send_clear,222557.05209410252,222562.05209410252,,,
223090.57720478714,5,send_clear,223085.57720478714,223090.57720478714,,,
223619.10172918893,8,send_clear,223614.10172918893,223619.10172918893,,,
224147.62599196282,3,send_clear,224142.62599196282,224147.62599196282,,,
224676.15039054016,4,send_clear,224671.15039054016,224676.15039054016,,,
225204.67525787244,2,send_clear,225199.67525787244,225204.67525787244,,,
225733.20075425986,9,send_clear,225728.20075425986,225733.20075425986,,,
226261.7268212208,7,send_clear,226256.7268212208,226261.7268212208,,,
226790.25321177562,6,send_clear,226785.25321177562,226790.25321177562,,,
227318.77958184108,0,send_clear,227313.77958184108,227318.77958184108,,,
227847.30561047792,1,send_clear,227842.30561047792,227847.30561047792,,,
228375.83110625393,5,send_clear,228370.83110625393,228375.83110625393,,,
228904.35606560818,8,send_clear,228899.35606560818,228904.35606560818,,,
229432.88066497847,3,send_clear,229427.88066497847,229432.88066497847,,,
229961.4051934387,4,send_clear,229956.4051934387,229961.4051934387,,,
230489.92995012266,2,send_clear,230484.92995012266,230489.92995012266,,,
231018.45514370105,9,send_clear,231013.45514370105,231018.45514370105,,,
231546.98082634114,7,send_clear,231541.98082634114,231546.98082634114,,,
232075.50688379677,6,send_clear,232070.50688379677,232075.50688379677,,,
232604.03308135222,0,send_clear,232599.03308135222,232604.03308135222,,,
233132.5591483838,1,send_clear,233127.5591483838,233132.5591483838,,,
233661.08487069563,5,send_clear,233656.08487069563,233661.08487069563,,,
234189.61015986977,8,send_clear,234184.61015986977,234189.61015986977,,,
234718.13507687146,3,send_clear,234713.13507687146,234718.13507687146,,,
235246.65980475422,4,send_clear,235241.65980475422,235246.65980475422,,,
235775.18458132877,2,send_clear,235770.18458132877,235775.18458132877,,,
236303.7096169951,9,send_clear,236298.7096169951,236303.7096169951,,,
236832.23502526994,7,send_clear,236827.23502526994,236832.23502526994,,,
237360.76078940314,6,send_clear,237355.76078940314,237360.76078940314,,,
237889.28677398924,0,send_clear,237884.28677398924,237889.28677398924,,,
238417.81277606796,1,send_clear,238412.81277606796,238417.81277606796,,,
238946.33859629708,5,send_clear,238941.33859629708,238946.33859629708,,,
239474.86410574694,8,send_clear,239469.86410574694,239474.86410574694,,,
240003.38928575467,3,send_clear,239998.38928575467,240003.38928575467,,,
240531.91422911314,4,send_clear,240526.91422911314,240531.91422911314,,,
241060.4391035938,2,send_clear,241055.4391035938,241060.4391035938,,,
241588.96409225374,9,send_clear,241583.96409225374,241588.96409225374,,,
242117.4893311985,7,send_clear,242112.4893311985,242117.4893311985,,,
242646.0148662183,6,send_clear,242641.0148662183,242646.0148662183,,,
243174.54064158854,0,send_clear,243169.54064158854,243174.54064158854,,,
243703.06652359615,1,send_clear,243698.06652359615,243703.06652359615,,,
244231.59234900353,5,send_clear,244226.59234900353,244231.59234900353,,,
244760.11798125412,8,send_clear,244755.11798125412,244760.11798125412,,,
245288.6433549744,3,send_clear,245283.6433549744,245288.6433549744,,,
245817.16849462793,4,send_clear,245812.16849462793,245817.16849462793,,,
246345.69350202152,2,send_clear,246340.69350202152,246345.69350202152,,,
246874.21851858715,9,send_clear,246869.21851858715,246874.21851858715,,,
247402.7436760079,7,send_clear,247397.7436760079,247402.7436760079,,,
247931.26905255523,6,send_clear,247926.26905255523,247931.26905255523,,,
248459.79464928896,0,send_clear,248454.79464928896,248459.79464928896,,,
248988.32039336817,1,send_clear,248983.32039336817,248988.32039336817,,,
249516.84616592212,5,send_clear,249511.84616592212,249516.84616592212,,,
250045.37184412597,8,send_clear,250040.37184412597,250045.37184412597,,,
250573.89734255636,3,send_clear,250568.89734255636,250573.89734255636,,,
251102.4226401333,4,send_clear,251097.4226401333,251102.4226401333,,,
251630.94778412944,2,send_clear,251625.94778412944,251630.94778412944,,,
252159.472871143,9,send_clear,252154.472871143,252159.472871143,,,
252687.99801233437,7,send_clear,252682.99801233437,252687.99801233437,,,
253216.5232954851,6,send_clear,253211.5232954851,253216.5232954851,,,
253745.04875661546,0,send_clear,253740.04875661546,253745.04875661546,,,
254273.57437035633,1,send_clear,254268.57437035633,254273.57437035633,,,
254802.10006131988,5,send_clear,254797.10006131988,254802.10006131988,,,
255330.62573176163,8,send_clear,255325.62573176163,255330.62573176163,,,
255859.15129539958,3,send_clear,255854.15129539958,255859.15129539958,,,
256387.6767058471,4,send_clear,256382.6767058471,256387.6767058471,,,
256916.2019702762,2,send_clear,256911.2019702762,256916.2019702762,,,
257444.7271445223,9,send_clear,257439.7271445223,257444.7271445223,,,
257973.25231204263,7,send_clear,257968.25231204263,257973.25231204263,,,
258501.77755464255,6,send_clear,258496.77755464255,258501.77755464255,,,
259030.30292508923,0,send_clear,259025.30292508923,259030.30292508923,,,
259558.8284307887,1,send_clear,259553.8284307887,259558.8284307887,,,
260087.35403341675,5,send_clear,260082.35403341675,260087.35403341675,,,
260615.879663937,8,send_clear,260610.879663937,260615.879663937,,,
261144.40524718983,3,send_clear,261139.40524718983,261144.40524718983,,,
261672.93072741,4,send_clear,261667.93072741,261672.93072741,,,
262201.45608600916,2,send_clear,262196.45608600916,262201.45608600916,,,
262729.9813460817,9,send_clear,262724.9813460817,262729.9813460817,,,
263258.50656268507,7,send_clear,263253.50656268507,263258.50656268507,,,
263787.03180288133,6,send_clear,263782.03180288133,263787.03180288133,,,
264315.55712266295,0,send_clear,264310.55712266295,264315.55712266295,,,
264844.08254869835,1,send_clear,264839.08254869835,264844.08254869835,,,
265372.6080707524,5,send_clear,265367.6080707524,265372.6080707524,,,
265901.1336468619,8,send_clear,265896.1336468619,265901.1336468619,,,
266429.6592188942,3,send_clear,266424.6592188942,266429.6592188942,,,
266958.18473281915,4,send_clear,266953.18473281915,266958.18473281915,,,
267486.71015663276,2,send_clear,267481.71015663276,267486.71015663276,,,
268015.2354900699,9,send_clear,268010.2354900699,268015.2354900699,,,
268543.76076319366,7,send_clear,268538.76076319366,268543.76076319366,,,
269072.2860248939,6,send_clear,269067.2860248939,269072.2860248939,,,
269600.811325594,0,send_clear,269595.811325594,269600.811325594,,,
270129.3367002688,1,send_clear,270124.3367002688,270129.3367002688,,,
270657.8621574304,5,send_clear,270652.8621574304,270657.8621574304,,,
271186.3876775207,8,send_clear,271181.3876775207,271186.3876775207,,,
271714.91322078527,3,send_clear,271709.91322078527,271714.91322078527,,,
272243.4387415646,4,send_clear,272238.4387415646,272243.4387415646,,,
272771.96420388354,2,send_clear,272766.96420388354,272771.96420388354,,,
273300.4895930718,9,send_clear,273295.4895930718,273300.4895930718,,,
273829.01491967967,7,send_clear,273824.01491967967,273829.01491967967,,,
274357.54021475953,6,send_clear,274352.54021475953,274357.54021475953,,,
274886.06551848084,0,send_clear,274881.06551848084,274886.06551848084,,,
275414.59086622973,1,send_clear,275409.59086622973,275414.59086622973,,,
275943.1162769583,5,send_clear,275938.1162769583,275943.1162769583,,,
276471.6417476017,8,send_clear,276466.6417476017,276471.6417476017,,,
277000.16725513624,3,send_clear,276995.16725513624,277000.16725513624,,,
277528.69276524486,4,send_clear,277523.69276524486,277528.69276524486,,,
278057.2182443562,2,send_clear,278052.2182443562,278057.2182443562,,,
278585.74367087637,9,send_clear,278580.74367087637,278585.74367087637,,,
279114.2690418673,7,send_clear,279109.2690418673,279114.2690418673,,,
279642.79437315976,6,send_clear,279637.79437315976,279642.79437315976,,,
280171.3196931585,0,send_clear,280166.3196931585,280171.3196931585,,,
280699.8450327243,1,send_clear,280694.8450327243,280699.8450327243,,,
281228.3704147035,5,send_clear,281223.3704147035,281228.3704147035,,,
281756.8958466416,8,send_clear,281751.8958466416,281756.8958466416,,,
282285.42131896806,3,send_clear,282280.42131896806,282285.42131896806,,,
282813.946809013,4,send_clear,282808.946809013,282813.946809013,,,
283342.4722892255,2,send_clear,283337.4722892255,283342.4722892255,,,
283870.997736648,9,send_clear,283865.997736648,283870.997736648,,,
284399.52314040076,7,send_clear,284394.52314040076,284399.52314040076,,,
284928.0485047661,6,send_clear,284923.0485047661,284928.0485047661,,,
285456.5738470388,0,send_clear,285451.5738470388,285456.5738470388,,,
285985.0991911139,1,send_clear,285980.0991911139,285985.0991911139,,,
286513.6245591592,5,send_clear,286508.6245591592,286513.6245591592,,,
287042.1499642607,8,send_clear,287037.1499642607,287042.1499642607,,,
287570.67540645716,3,send_clear,287565.67540645716,287570.67540645716,,,
288099.20087334147,4,send_clear,288094.20087334147,288099.20087334147,,,
288627.72634480573,2,send_clear,288622.72634480573,288627.72634480573,,,
289156.25180015055,9,send_clear,289151.25180015055,289156.25180015055,,,
289684.77722505556,7,send_clear,289679.77722505556,289684.77722505556,,,
290213.3026160855,6,send_clear,290208.3026160855,290213.3026160855,,,
290741.8279813308,0,send_clear,290736.8279813308,290741.8279813308,,,
291270.35333715274,1,send_clear,291265.35333715274,291270.35333715274,,,
291798.8787023054,5,send_clear,291793.8787023054,291798.8787023054,,,
292327.40409153234,8,send_clear,292322.40409153234,292327.40409153234,,,
292855.9295108079,3,send_clear,292850.9295108079,292855.9295108079,,,
293384.4549557453,4,send_clear,293379.4549557453,293384.4549557453,,,
293912.980413554,2,send_clear,293907.980413554,293912.980413554,,,
294441.5058677264,9,send_clear,294436.5058677264,294441.5058677264,,,
294970.0313037495,7,send_clear,294965.0313037495,294970.0313037495,,,
295498.55671388085,6,send_clear,295493.55671388085,295498.55671388085,,,
296027.0820994278,0,send_clear,296022.0820994278,296027.0820994278,,,
296555.6074698842,1,send_clear,296550.6074698842,296555.6074698842,,,
297084.13283936074,5,send_clear,297079.13283936074,297084.13283936074,,,
297612.65822163434,8,send_clear,297607.65822163434,297612.65822163434,,,
298141.1836255416,3,send_clear,298136.1836255416,298141.1836255416,,,
298669.7090522468,4,send_clear,298664.7090522468,298669.7090522468,,,
299198.2344952106,2,send_clear,299193.2344952106,299198.2344952106,,,
299726.7599427465,9,send_clear,299721.7599427465,299726.7599427465,,,
300255.2853821827,7,send_clear,300250.2853821827,300255.2853821827,,,
300783.81080415973,6,send_clear,300778.81080415973,300783.81080415973,,,
301312.33620561496,0,send_clear,301307.33620561496,301312.33620561496,,,
301840.8615905144,1,send_clear,301835.8615905144,301840.8615905144,,,
302369.3869681921,5,send_clear,302364.3869681921,302369.3869681921,,,
302897.9123499667,8,send_clear,302892.9123499667,302897.9123499667,,,
303426.43774525076,3,send_clear,303421.43774525076,303426.43774525076,,,
303954.9631584828,4,send_clear,303949.9631584828,303954.9631584828,,,
304483.4885878714,2,send_clear,304478.4885878714,304483.4885878714,,,
305012.0140262893,9,send_clear,305007.0140262893,305012.0140262893,,,
305540.53946391423,7,send_clear,305535.53946391423,305540.53946391423,,,
306069.0648916514,6,send_clear,306064.0648916514,306069.0648916514,,,
306597.59030415013,0,send_clear,306592.59030415013,306597.59030415013,,,
307126.1157014235,1,send_clear,307121.1157014235,307126.1157014235,,,
307654.64108859166,5,send_clear,307649.64108859166,307654.64108859166,,,
308183.16647392476,8,send_clear,308178.16647392476,308183.16647392476,,,
308711.6918659201,3,send_clear,308706.6918659201,308711.6918659201,,,
309240.217270441,4,send_clear,309235.217270441,309240.217270441,,,
309768.7426888731,2,send_clear,309763.7426888731,309768.7426888731,,,
310297.2681178703,9,send_clear,310292.2681178703,310297.2681178703,,,
310825.79355069884,7,send_clear,310820.79355069884,310825.79355069884,,,
311354.3189796559,6,send_clear,311349.3189796559,311354.3189796559,,,
311882.84439869906,0,send_clear,311877.84439869906,311882.84439869906,,,
312411.3698053958,1,send_clear,312406.3698053958,312411.3698053958,,,
312939.89520156966,5,send_clear,312934.89520156966,312939.89520156966,,,
313468.42059248907,8,send_clear,313463.42059248907,313468.42059248907,,,
313996.94598493783,3,send_clear,313991.94598493783,313996.94598493783,,,
314525.471384868,4,send_clear,314520.471384868,314525.471384868,,,
315053.9967954424,2,send_clear,315048.9967954424,315053.9967954424,,,
315582.5222161044,9,send_clear,315577.5222161044,315582.5222161044,,,
316111.0476429389,7,send_clear,316106.0476429389,316111.0476429389,,,
316639.5730701443,6,send_clear,316634.5730701443,316639.5730701443,,,
317168.0984920665,0,send_clear,317163.0984920665,317168.0984920665,,,
317696.6239050897,1,send_clear,317691.6239050897,317696.6239050897,,,
318225.14930875314,5,send_clear,318220.14930875314,318225.14930875314,,,
318753.674705758,8,send_clear,318748.674705758,318753.674705758,,,
319282.2001009123,3,send_clear,319277.2001009123,319282.2001009123,,,
319810.72549941926,4,send_clear,319805.72549941926,319810.72549941926,,,
320339.25090511295,2,send_clear,320334.25090511295,320339.25090511295,,,
320867.7763192365,9,send_clear,320862.7763192365,320867.7763192365,,,
321396.3017401463,7,send_clear,321391.3017401463,321396.3017401463,,,
321924.82716399943,6,send_clear,321919.82716399943,321924.82716399943,,,
322453.35258614586,0,send_clear,322448.35258614586,322453.35258614586,,,
322981.8780027265,1,send_clear,322976.8780027265,322981.8780027265,,,
323510.40341193066,5,send_clear,323505.40341193066,323510.40341193066,,,
324038.92881450744,8,send_clear,324033.92881450744,324038.92881450744,,,
324567.45421339426,3,send_clear,324562.45421339426,324567.45421339426,,,
325095.97961262835,4,send_clear,325090.97961262835,325095.97961262835,,,
325624.50501594105,2,send_clear,325619.50501594105,325624.50501594105,,,
326153.0304255201,9,send_clear,326148.0304255201,326153.0304255201,,,
326681.5558413482,7,send_clear,326676.5558413482,326681.5558413482,,,
327210.08126131253,6,send_clear,327205.08126131253,327210.08126131253,,,
327738.60668201157,0,send_clear,327733.60668201157,327738.60668201157,,,
328267.13209995726,1,send_clear,328262.13209995726,328267.13209995726,,,
328795.6575127489,5,send_clear,328790.6575127489,328795.6575127489,,,
329324.1829198277,8,send_clear,329319.1829198277,329324.1829198277,,,
329852.7083225777,3,send_clear,329847.7083225777,329852.7083225777,,,
330381.23372377007,4,send_clear,330376.23372377007,330381.23372377007,,,
330909.75912656874,2,send_clear,330904.75912656874,330909.75912656874,,,
331438.28453344986,9,send_clear,331433.28453344986,331438.28453344986,,,
331966.80994540383,7,send_clear,331961.80994540383,331966.80994540383,,,
332495.33536167274,6,send_clear,332490.33536167274,332495.33536167274,,,
333023.86078008654,0,send_clear,333018.86078008654,333023.86078008654,,,
333552.3861978576,1,send_clear,333547.3861978576,333552.3861978576,,,
334080.9116125447,5,send_clear,334075.9116125447,334080.9116125447,,,
334609.43702285585,8,send_clear,334604.43702285585,334609.43702285585,,,
335137.962429028,3,send_clear,335132.962429028,335137.962429028,,,
335666.48783267534,4,send_clear,335661.48783267534,335666.48783267534,,,
336195.01323618356,2,send_clear,336190.01323618356,336195.01323618356,,,
336723.53864187264,9,send_clear,336718.53864187264,336723.53864187264,,,
337252.06405122235,7,send_clear,337247.06405122235,337252.06405122235,,,
337780.58946441463,6,send_clear,337775.58946441463,337780.58946441463,,,
338309.1148803339,0,send_clear,338304.1148803339,338309.1148803339,,,
338837.640297002,1,send_clear,338832.640297002,338837.640297002,,,
339366.1657122824,5,send_clear,339361.1657122824,339366.1657122824,,,
339894.69112460455,8,send_clear,339889.69112460455,339894.69112460455,,,
340423.21653346403,3,send_clear,340418.21653346403,340423.21653346403,,,
340951.74193954177,4,send_clear,340946.74193954177,340951.74193954177,,,
341480.2673444201,2,send_clear,341475.2673444201,341480.2673444201,,,
342008.7927500092,9,send_clear,342003.7927500092,342008.7927500092,,,
342537.31815789134,7,send_clear,342532.31815789134,342537.31815789134,,,
343065.8435688051,6,send_clear,343060.8435688051,343065.8435688051,,,
343594.36898243736,0,send_clear,343589.36898243736,343594.36898243736,,,
344122.89439757756,1,send_clear,344117.89439757756,344122.89439757756,,,
344651.41981256625,5,send_clear,344646.41981256625,344651.41981256625,,,
345179.94522587257,8,send_clear,345174.94522587257,345179.94522587257,,,
345708.4706366021,3,send_clear,345703.4706366021,345708.4706366021,,,
346236.9960447668,4,send_clear,346231.9960447668,346236.9960447668,,,
346765.52145123854,2,send_clear,346760.52145123854,346765.52145123854,,,
347294.0468574163,9,send_clear,347289.0468574163,347294.0468574163,,,
347822.57226473186,7,send_clear,347817.57226473186,347822.57226473186,,,
348351.09767416824,6,send_clear,348346.09767416824,348351.09767416824,,,
348879.6230859507,0,send_clear,348874.6230859507,348879.6230859507,,,
349408.1484995067,1,send_clear,349403.1484995067,349408.1484995067,,,
349936.67391369585,5,send_clear,349931.67391369585,349936.67391369585,,,
350465.1993272187,8,send_clear,350460.1993272187,350465.1993272187,,,
350993.7247390604,3,send_clear,350988.7247390604,350993.7247390604,,,
351522.25014881784,4,send_clear,351517.25014881784,351522.25014881784,,,
352050.7755568059,2,send_clear,352045.7755568059,352050.7755568059,,,
352579.30096391845,9,send_clear,352574.30096391845,352579.30096391845,,,
353107.826371301,7,send_clear,353102.826371301,353107.826371301,,,
353636.35177995486,6,send_clear,353631.35177995486,353636.35177995486,,,
354164.8771904076,0,send_clear,354159.8771904076,354164.8771904076,,,
354693.4026025586,1,send_clear,354688.4026025586,354693.4026025586,,,
355221.9280157423,5,send_clear,355216.9280157423,355221.9280157423,,,
355750.4534289778,8,send_clear,355745.4534289778,355750.4534289778,,,
356278.978841313,3,send_clear,356273.978841313,356278.978841313,,,
356807.50425214245,4,send_clear,356802.50425214245,356807.50425214245,,,
357336.0296613943,2,send_clear,357331.0296613943,357336.0296613943,,,
357864.55506952945,9,send_clear,357859.55506952945,357864.55506952945,,,
358393.0804773616,7,send_clear,358388.0804773616,358393.0804773616,,,
358921.60588576813,6,send_clear,358916.60588576813,358921.60588576813,,,
359450.13129539235,0,send_clear,359445.13129539235,359450.13129539235,,,
359978.65670643887,1,send_clear,359973.65670643887,359978.65670643887,,,
360507.1821186256,5,send_clear,360502.1821186256,360507.1821186256,,,
361035.70753130113,8,send_clear,361030.70753130113,361035.70753130113,,,
361564.2329436806,3,send_clear,361559.2329436806,361564.2329436806,,,
362092.7583551154,4,send_clear,362087.7583551154,362092.7583551154,,,
362621.28376530437,2,send_clear,362616.28376530437,362621.28376530437,,,
363149.80917437817,9,send_clear,363144.80917437817,363149.80917437817,,,
363678.3345828358,7,send_clear,363673.3345828358,363678.3345828358,,,
364206.8599913593,6,send_clear,364201.8599913593,364206.8599913593,,,
364735.3854005767,0,send_clear,364730.3854005767,364735.3854005767,,,
365263.9108108537,1,send_clear,365258.9108108537,365263.9108108537,,,
365792.4362221834,5,send_clear,365787.4362221834,365792.4362221834,,,
366320.961634206,8,send_clear,366315.961634206,366320.961634206,,,
366849.4870463461,3,send_clear,366844.4870463461,366849.4870463461,,,
367378.01245801605,4,send_clear,367373.01245801605,367378.01245801605,,,
367906.5378688134,2,send_clear,367901.5378688134,367906.5378688134,,,
368435.06327864726,9,send_clear,368430.06327864726,368435.06327864726,,,
368963.58868775447,7,send_clear,368958.58868775447,368963.58868775447,,,
369492.1140966044,6,send_clear,369487.1140966044,369492.1140966044,,,
370020.6395057307,0,send_clear,370015.6395057307,370020.6395057307,,,
370549.1649155492,1,send_clear,370544.1649155492,370549.1649155492,,,
371077.69032622414,5,send_clear,371072.69032622414,371077.69032622414,,,
371606.2157376245,8,send_clear,371601.2157376245,371606.2157376245,,,
372134.74114938226,3,send_clear,372129.74114938226,372134.74114938226,,,
372663.2665610266,4,send_clear,372658.2665610266,372663.2665610266,,,
373191.79197214707,2,send_clear,373186.79197214707,373191.79197214707,,,
373720.3173825279,9,send_clear,373715.3173825279,373720.3173825279,,,
374248.842792212,7,send_clear,374243.842792212,374248.842792212,,,
374777.36820147367,6,send_clear,374772.36820147367,374777.36820147367,,,
375305.89361071633,0,send_clear,375300.89361071633,375305.89361071633,,,
375834.41902033053,1,send_clear,375829.41902033053,375834.41902033053,,,
376362.9444305642,5,send_clear,376357.9444305642,376362.9444305642,,,
376891.4698414454,8,send_clear,376886.4698414454,376891.4698414454,,,
377419.995252784,3,send_clear,377414.995252784,377419.995252784,,,
377948.5206642451,4,send_clear,377943.5206642451,377948.5206642451,,,
378477.0460754686,2,send_clear,378472.0460754686,378477.0460754686,,,
379005.5714861908,9,send_clear,379000.5714861908,379005.5714861908,,,
379534.0968963288,7,send_clear,379529.0968963288,379534.0968963288,,,
380062.62230599945,6,send_clear,380057.62230599945,380062.62230599945,,,
380591.1477154709,0,send_clear,380586.1477154709,380591.1477154709,,,
381119.67312506563,1,send_clear,381114.67312506563,381119.67312506563,,,
381648.19853504957,5,send_clear,381643.19853504957,381648.19853504957,,,
382176.72394554544,8,send_clear,382171.72394554544,382176.72394554544,,,
382705.24935649877,3,send_clear,382700.24935649877,382705.24935649877,,,
383233.7747677039,4,send_clear,383228.7747677039,383233.7747677039,,,
383762.3001788805,2,send_clear,383757.3001788805,383762.3001788805,,,
384290.8255897708,9,send_clear,384285.8255897708,384290.8255897708,,,
384819.35100022546,7,send_clear,384814.35100022546,384819.35100022546,,,
385347.87641024805,6,send_clear,385342.87641024805,385347.87641024805,,,
385876.4018199871,0,send_clear,385871.4018199871,385876.4018199871,,,
386404.92722967913,1,send_clear,386399.92722967913,386404.92722967913,,,
386933.45263956545,5,send_clear,386928.45263956545,386933.45263956545,,,
387461.9780498108,8,send_clear,387456.9780498108,387461.9780498108,,,
387990.50346045184,3,send_clear,387985.50346045184,387990.50346045184,,,
388519.02887139056,4,send_clear,388514.02887139056,388519.02887139056,,,
389047.55428243394,2,send_clear,389042.55428243394,389047.55428243394,,,
389576.0796933626,9,send_clear,389571.0796933626,389576.0796933626,,,
390104.60510400624,7,send_clear,390099.60510400624,390104.60510400624,,,
390633.13051429804,6,send_clear,390628.13051429804,390633.13051429804,,,
391161.65592429234,0,send_clear,391156.65592429234,391161.65592429234,,,
391690.1813341408,1,send_clear,391685.1813341408,391690.1813341408,,,
392218.70674403687,5,send_clear,392213.70674403687,392218.70674403687,,,
392747.2321541488,8,send_clear,392742.2321541488,392747.2321541488,,,
393275.7575645648,3,send_clear,393270.7575645648,393275.7575645648,,,
393804.2829752667,4,send_clear,393799.2829752667,393804.2829752667,,,
394332.80838614143,2,send_clear,394327.80838614143,394332.80838614143,,,
394861.33379702305,9,send_clear,394856.33379702305,394861.33379702305,,,
395389.85920775123,7,send_clear,395384.85920775123,395389.85920775123,,,
395918.3846182247,6,send_clear,395913.3846182247,395918.3846182247,,,
396446.91002843226,0,send_clear,396441.91002843226,396446.91002843226,,,
396975.4354384525,1,send_clear,396970.4354384525,396975.4354384525,,,
397503.9608484233,5,send_clear,397498.9608484233,397503.9608484233,,,
398032.48625849234,8,send_clear,398027.48625849234,398032.48625849234,,,
398561.01166876766,3,send_clear,398556.01166876766,398561.01166876766,,,
399089.537079283,4,send_clear,399084.537079283,399089.537079283,,,
399618.06248998997,2,send_clear,399613.06248998997,399618.06248998997,,,
400146.587900778,9,send_clear,400141.587900778,400146.587900778,,,
400675.1133115148,7,send_clear,400670.1133115148,400675.1133115148,,,
401203.6387220912,6,send_clear,401198.6387220912,401203.6387220912,,,
401732.1641324573,0,send_clear,401727.1641324573,401732.1641324573,,,
402260.6895426357,1,send_clear,402255.6895426357,402260.6895426357,,,
402789.21495271125,5,send_clear,402784.21495271125,402789.21495271125,,,
403317.7403627991,8,send_clear,403312.7403627991,403317.7403627991,,,
403846.2657730049,3,send_clear,403841.2657730049,403846.2657730049,,,
404374.7911833899,4,send_clear,404369.7911833899,404374.7911833899,,,
404903.3165939523,2,send_clear,404898.3165939523,404903.3165939523,,,
405431.8420046308,9,send_clear,405426.8420046308,405431.8420046308,,,
405960.367415328,7,send_clear,405955.367415328,405960.367415328,,,
406488.8928259449,6,send_clear,406483.8928259449,406488.8928259449,,,
407017.41823641415,0,send_clear,407012.41823641415,407017.41823641415,,,
407545.94364672084,1,send_clear,407540.94364672084,407545.94364672084,,,
408074.4690569056,5,send_clear,408069.4690569056,408074.4690569056,,,
408602.99446704786,8,send_clear,408597.99446704786,408602.99446704786,,,
409131.5198772376,3,send_clear,409126.5198772376,409131.5198772376,,,
409660.0452875447,4,send_clear,409655.0452875447,409660.0452875447,,,
410188.5706979964,2,send_clear,410183.5706979964,410188.5706979964,,,
410717.0961085701,9,send_clear,410712.0961085701,410717.0961085701,,,
411245.62151920336,7,send_clear,411240.62151920336,411245.62151920336,,,
411774.1469298166,6,send_clear,411769.1469298166,411774.1469298166,,,
412302.6723403409,0,send_clear,412297.6723403409,412302.6723403409,,,
412831.19775074016,1,send_clear,412826.19775074016,412831.19775074016,,,
413359.7231610222,5,send_clear,413354.7231610222,413359.7231610222,,,
413888.2485712335,8,send_clear,413883.2485712335,413888.2485712335,,,
414416.7739814423,3,send_clear,414411.7739814423,414416.7739814423,,,
414945.29939171445,4,send_clear,414940.29939171445,414945.29939171445,,,
415473.82480209135,2,send_clear,415468.82480209135,415473.82480209135,,,
416002.35021257744,9,send_clear,415997.35021257744,416002.35021257744,,,
416530.87562314025,7,send_clear,416525.87562314025,416530.87562314025,,,
417059.401033723,6,send_clear,417054.401033723,417059.401033723,,,
417587.92644426523,0,send_clear,417582.92644426523,417587.92644426523,,,
418116.4518547224,1,send_clear,418111.4518547224,418116.4518547224,,,
418644.9772650811,5,send_clear,418639.9772650811,418644.9772650811,,,
419173.50267536123,8,send_clear,419168.50267536123,419173.50267536123,,,
419702.0280856083,3,send_clear,419697.0280856083,419702.0280856083,,,
420230.55349587667,4,send_clear,420225.55349587667,420230.55349587667,,,
420759.0789062111,2,send_clear,420754.0789062111,420759.0789062111,,,
421287.60431663203,9,send_clear,421282.60431663203,421287.60431663203,,,
421816.12972712994,7,send_clear,421811.12972712994,421816.12972712994,,,
422344.6551376698,6,send_clear,422339.6551376698,422344.6551376698,,,
422873.1805482045,0,send_clear,422868.1805482045,422873.1805482045,,,
423401.7059586904,1,send_clear,423396.7059586904,423401.7059586904,,,
423930.23136910266,5,send_clear,423925.23136910266,423930.23136910266,,,
424458.7567794422,8,send_clear,424453.7567794422,424458.7567794422,,,
424987.2821897342,3,send_clear,424982.2821897342,424987.2821897342,,,
425515.8076000186,4,send_clear,425510.8076000186,425515.8076000186,,,
426044.3330103363,2,send_clear,426039.3330103363,426044.3330103363,,,
426572.85842071474,9,send_clear,426567.85842071474,426572.85842071474,,,
427101.3838311599,7,send_clear,427096.3838311599,427101.3838311599,,,
427629.909241655,6,send_clear,427624.909241655,427629.909241655,,,
428158.4346521675,0,send_clear,428153.4346521675,428158.4346521675,,,
428686.96006266016,1,send_clear,428681.96006266016,428686.96006266016,,,
429215.4854731045,5,send_clear,429210.4854731045,429215.4854731045,,,
429744.0108834895,8,send_clear,429739.0108834895,429744.0108834895,,,
430272.5362938245,3,send_clear,430267.5362938245,430272.5362938245,,,
430801.06170413515,4,send_clear,430796.06170413515,430801.06170413515,,,
431329.5871144542,2,send_clear,431324.5871144542,431329.5871144542,,,
431858.1125248099,9,send_clear,431853.1125248099,431858.1125248099,,,
432386.637935217,7,send_clear,432381.637935217,432386.637935217,,,
432915.1633456722,6,send_clear,432910.1633456722,432915.1633456722,,,
433443.68875615636,0,send_clear,433438.68875615636,433443.68875615636,,,
433972.2141666413,1,send_clear,433967.2141666413,433972.2141666413,,,
434500.73957710015,5,send_clear,434495.73957710015,434500.73957710015,,,
435029.2649875159,8,send_clear,435024.2649875159,435029.2649875159,,,
435557.7903978869,3,send_clear,435552.7903978869,435557.7903978869,,,
436086.3158082264,4,send_clear,436081.3158082264,436086.3158082264,,,
436614.84121855785,2,send_clear,436609.84121855785,436614.84121855785,,,
437143.3666289061,9,send_clear,437138.3666289061,437143.3666289061,,,
437671.89203928935,7,send_clear,437666.89203928935,437671.89203928935,,,
438200.41744971304,6,send_clear,438195.41744971304,438200.41744971304,,,
438728.942860169,0,send_clear,438723.942860169,438728.942860169,,,
439257.4682706383,1,send_clear,439252.4682706383,439257.4682706383,,,
439785.9936810988,5,send_clear,439780.9936810988,439785.9936810988,,,
440314.5190915321,8,send_clear,440309.5190915321,440314.5190915321,,,
440843.04450192983,3,send_clear,440838.04450192983,440843.04450192983,,,
441371.56991229596,4,send_clear,441366.56991229596,441371.56991229596,,,
441900.095322645,2,send_clear,441895.095322645,441900.095322645,,,
442428.62073299626,9,send_clear,442423.62073299626,442428.62073299626,,,
442957.14614336763,7,send_clear,442952.14614336763,442957.14614336763,,,
443485.67155376927,6,send_clear,443480.67155376927,443485.67155376927,,,
444014.1969642008,0,send_clear,444009.1969642008,444014.1969642008,,,
444542.72237465176,1,send_clear,444537.72237465176,444542.72237465176,,,
445071.2477851057,5,send_clear,445066.2477851057,445071.2477851057,,,
445599.77319554595,8,send_clear,445594.77319554595,445599.77319554595,,,
446128.2986059612,3,send_clear,446123.2986059612,446128.2986059612,,,
446656.824016349,4,send_clear,446651.824016349,446656.824016349,,,
447185.3494267164,2,send_clear,447180.3494267164,447185.3494267164,,,
447713.8748370767,9,send_clear,447708.8748370767,447713.8748370767,,,
448242.4002474452,7,send_clear,448237.4002474452,448242.4002474452,,,
448770.92565783364,6,send_clear,448765.92565783364,448770.92565783364,,,
449299.4510682465,0,send_clear,449294.4510682465,449299.4510682465,,,
449827.9764786798,1,send_clear,449822.9764786798,449827.9764786798,,,
450356.50188912306,5,send_clear,450351.50188912306,450356.50188912306,,,
450885.02729956276,8,send_clear,450880.02729956276,450885.02729956276,,,
451413.5527099874,3,send_clear,451408.5527099874,451413.5527099874,,,
451942.0781203909,4,send_clear,451937.0781203909,451942.0781203909,,,
452470.60353077465,2,send_clear,452465.60353077465,452470.60353077465,,,
452999.1289411466,9,send_clear,452994.1289411466,452999.1289411466,,,
453527.6543515182,7,send_clear,453522.6543515182,453527.6543515182,,,
454056.1797619006,6,send_clear,454051.1797619006,454056.1797619006,,,
454584.7051723008,0,send_clear,454579.7051723008,454584.7051723008,,,
455113.2305827193,1,send_clear,455108.2305827193,455113.2305827193,,,
455641.75599315076,5,send_clear,455636.75599315076,455641.75599315076,,,
456170.2814035854,8,send_clear,456165.2814035854,456170.2814035854,,,
456698.8068140131,3,send_clear,456693.8068140131,456698.8068140131,,,
457227.33222442644,4,send_clear,457222.33222442644,457227.33222442644,,,
457755.8576348231,2,send_clear,457750.8576348231,457755.8576348231,,,
458284.3830452067,9,send_clear,458279.3830452067,458284.3830452067,,,
458812.9084555847,7,send_clear,458807.9084555847,458812.9084555847,,,
459341.43386596645,6,send_clear,459336.43386596645,459341.43386596645,,,
459869.95927635935,0,send_clear,459864.95927635935,459869.95927635935,,,
460398.48468676687,1,send_clear,460393.48468676687,460398.48468676687,,,
460927.01009718736,5,send_clear,460922.01009718736,460927.01009718736,,,
461455.53550761484,8,send_clear,461450.53550761484,461455.53550761484,,,
461984.06091804133,3,send_clear,461979.06091804133,461984.06091804133,,,
462512.58632845955,4,send_clear,462507.58632845955,462512.58632845955,,,
463041.1117388653,2,send_clear,463036.1117388653,463041.1117388653,,,
463569.6371492589,9,send_clear,463564.6371492589,463569.6371492589,,,
464098.16255964444,7,send_clear,464093.16255964444,464098.16255964444,,,
464626.68797002884,6,send_clear,464621.68797002884,464626.68797002884,,,
465155.2133804189,0,send_clear,465150.2133804189,465155.2133804189,,,
465683.7387908192,1,send_clear,465678.7387908192,465683.7387908192,,,
466212.2642012308,5,send_clear,466207.2642012308,466212.2642012308,,,
466740.7896116507,8,send_clear,466735.7896116507,466740.7896116507,,,
467269.3150220735,3,send_clear,467264.3150220735,467269.3150220735,,,
467797.84043249296,4,send_clear,467792.84043249296,467797.84043249296,,,
468326.36584290414,2,send_clear,468321.36584290414,468326.36584290414,,,
468854.8912533054,9,send_clear,468849.8912533054,468854.8912533054,,,
469383.41666369815,7,send_clear,469378.41666369815,469383.41666369815,,,
469911.9420740869,6,send_clear,469906.9420740869,469911.9420740869,,,
470440.4674844772,0,send_clear,470435.4674844772,470440.4674844772,,,
470968.9928948736,1,send_clear,470963.9928948736,470968.9928948736,,,
471497.5183052788,5,send_clear,471492.5183052788,471497.5183052788,,,
472026.04371569195,8,send_clear,472021.04371569195,472026.04371569195,,,
472554.56912611,3,send_clear,472549.56912611,472554.56912611,,,
473083.0945365282,4,send_clear,473078.0945365282,473083.0945365282,,,
473611.61994694185,2,send_clear,473606.61994694185,473611.61994694185,,,
474140.1453573484,9,send_clear,474135.1453573484,474140.1453573484,,,
474668.67076774716,7,send_clear,474663.67076774716,474668.67076774716,,,
475197.19617814076,6,send_clear,475192.19617814076,475197.19617814076,,,
475725.72158853314,0,send_clear,475720.72158853314,475725.72158853314,,,
476254.24699892825,1,send_clear,476249.24699892825,476254.24699892825,,,
476782.77240932937,5,send_clear,476777.77240932937,476782.77240932937,,,
477311.2978197372,8,send_clear,477306.2978197372,477311.2978197372,,,
477839.82323015056,3,send_clear,477834.82323015056,477839.82323015056,,,
478368.3486405661,4,send_clear,478363.3486405661,478368.3486405661,,,
478896.8740509801,2,send_clear,478891.8740509801,478896.8740509801,,,
479425.3994613895,9,send_clear,479420.3994613895,479425.3994613895,,,
479953.9248717929,7,send_clear,479948.9248717929,479953.9248717929,,,
480482.450282191,6,send_clear,480477.450282191,480482.450282191,,,
481010.9756925863,0,send_clear,481005.9756925863,481010.9756925863,,,
481539.5011029819,1,send_clear,481534.5011029819,481539.5011029819,,,
482068.026513381,5,send_clear,482063.026513381,482068.026513381,,,
482596.5519237851,8,send_clear,482591.5519237851,482596.5519237851,,,
483125.0773341943,3,send_clear,483120.0773341943,483125.0773341943,,,
483653.6027446068,4,send_clear,483648.6027446068,483653.6027446068,,,
484182.1281550197,2,send_clear,484177.1281550197,484182.1281550197,,,
484710.6535654303,9,send_clear,484705.6535654303,484710.6535654303,,,
485239.17897583666,7,send_clear,485234.17897583666,485239.17897583666,,,
485767.7043862384,6,send_clear,485762.7043862384,485767.7043862384,,,
486296.22979663673,0,send_clear,486291.22979663673,486296.22979663673,,,
486824.7552070339,1,send_clear,486819.7552070339,486824.7552070339,,,
487353.2806174325,5,send_clear,487348.2806174325,487353.2806174325,,,
487881.8060278344,8,send_clear,487876.8060278344,487881.8060278344,,,
488410.3314382404,3,send_clear,488405.3314382404,488410.3314382404,,,
488938.8568486499,4,send_clear,488933.8568486499,488938.8568486499,,,
489467.38225906104,2,send_clear,489462.38225906104,489467.38225906104,,,
489995.90766947164,9,send_clear,489990.90766947164,489995.90766947164,,,
490524.43307987956,7,send_clear,490519.43307987956,490524.43307987956,,,
491052.9584902839,6,send_clear,491047.9584902839,491052.9584902839,,,
491581.483900685,0,send_clear,491576.483900685,491581.483900685,,,
492110.0093110841,1,send_clear,492105.0093110841,492110.0093110841,,,
492638.53472148324,5,send_clear,492633.53472148324,492638.53472148324,,,
493167.0601318841,8,send_clear,493162.0601318841,493167.0601318841,,,
493695.58554228797,3,send_clear,493690.58554228797,493695.58554228797,,,
494224.110952695,4,send_clear,494219.110952695,494224.110952695,,,
494752.63636310416,2,send_clear,494747.63636310416,494752.63636310416,,,
495281.1617735139,9,send_clear,495276.1617735139,495281.1617735139,,,
495809.6871839224,7,send_clear,495804.6871839224,495809.6871839224,,,
496338.2125943284,6,send_clear,496333.2125943284,496338.2125943284,,,
496866.73800473165,0,send_clear,496861.73800473165,496866.73800473165,,,
497395.2634151327,1,send_clear,497390.2634151327,497395.2634151327,,,
497923.7888255329,5,send_clear,497918.7888255329,497923.7888255329,,,
498452.31423593365,8,send_clear,498447.31423593365,498452.31423593365,,,
498980.83964633633,3,send_clear,498975.83964633633,498980.83964633633,,,
499509.36505674146,4,send_clear,499504.36505674146,499509.36505674146,,,
500037.8904671488,2,send_clear,500032.8904671488,500037.8904671488,,,
500566.4158775573,9,send_clear,500561.4158775573,500566.4158775573,,,
501094.9412879656,7,send_clear,501089.9412879656,501094.9412879656,,,
501623.46669837245,6,send_clear,501618.46669837245,501623.46669837245,,,
502151.9921087772,0,send_clear,502146.9921087772,502151.9921087772,,,
502680.51751917996,1,send_clear,502675.51751917996,502680.51751917996,,,
503209.0429295814,5,send_clear,503204.0429295814,503209.0429295814,,,
503737.5683399826,8,send_clear,503732.5683399826,503737.5683399826,,,
504266.0937503848,3,send_clear,504261.0937503848,504266.0937503848,,,
504794.6191607887,4,send_clear,504789.6191607887,504794.6191607887,,,
505323.14457119454,2,send_clear,505318.14457119454,505323.14457119454,,,
505851.66998160176,9,send_clear,505846.66998160176,505851.66998160176,,,
506380.19539200945,7,send_clear,506375.19539200945,506380.19539200945,,,
506908.72080241656,6,send_clear,506903.72080241656,506908.72080241656,,,
507437.24621282227,0,send_clear,507432.24621282227,507437.24621282227,,,
507965.7716232263,1,send_clear,507960.7716232263,507965.7716232263,,,
508494.297033629,5,send_clear,508489.297033629,508494.297033629,,,
509022.82244403084,8,send_clear,509017.82244403084,509022.82244403084,,,
509551.34785443306,3,send_clear,509546.34785443306,509551.34785443306,,,
510079.8732648363,4,send_clear,510074.8732648363,510079.8732648363,,,
510608.3986752411,2,send_clear,510603.3986752411,510608.3986752411,,,
511136.92408564716,9,send_clear,511131.92408564716,511136.92408564716,,,
511665.44949605403,7,send_clear,511660.44949605403,511665.44949605403,,,
512193.9749064609,6,send_clear,512188.9749064609,512193.9749064609,,,
512722.5003168671,0,send_clear,512717.5003168671,512722.5003168671,,,
513251.025727272,1,send_clear,513246.025727272,513251.025727272,,,
513779.55113767565,5,send_clear,513774.55113767565,513779.55113767565,,,
514308.0765480784,8,send_clear,514303.0765480784,514308.0765480784,,,
514836.60195848095,3,send_clear,514831.60195848095,514836.60195848095,,,
515365.127368884,4,send_clear,515360.127368884,515365.127368884,,,
515893.65277928807,2,send_clear,515888.65277928807,515893.65277928807,,,
516422.17818969325,9,send_clear,516417.17818969325,516422.17818969325,,,
516950.7036000993,7,send_clear,516945.7036000993,516950.7036000993,,,
517479.2290105057,6,send_clear,517474.2290105057,517479.2290105057,,,
518007.75442091195,0,send_clear,518002.75442091195,518007.75442091195,,,
518536.27983131737,1,send_clear,518531.27983131737,518536.27983131737,,,
519064.8052417218,5,send_clear,519059.8052417218,519064.8052417218,,,
519593.3306521253,8,send_clear,519588.3306521253,519593.3306521253,,,
520121.8560625284,3,send_clear,520116.8560625284,520121.8560625284,,,
520650.3814729315,4,send_clear,520645.3814729315,520650.3814729315,,,
521178.9068833352,2,send_clear,521173.9068833352,521178.9068833352,,,
521707.43229373975,9,send_clear,521702.43229373975,521707.43229373975,,,
522235.95770414517,7,send_clear,522230.95770414517,522235.95770414517,,,
522764.48311455105,6,send_clear,522759.48311455105,522764.48311455105,,,
523293.00852495705,0,send_clear,523288.00852495705,523293.00852495705,,,
523821.5339353627,1,send_clear,523816.5339353627,523821.5339353627,,,
524350.0593457676,5,send_clear,524345.0593457676,524350.0593457676,,,
524878.5847561717,8,send_clear,524873.5847561717,524878.5847561717,,,
525407.1101665753,3,send_clear,525402.1101665753,525407.1101665753,,,
525935.6355769787,4,send_clear,525930.6355769787,525935.6355769787,,,
526464.1609873823,2,send_clear,526459.1609873823,526464.1609873823,,,
526992.6863977865,9,send_clear,526987.6863977865,526992.6863977865,,,
527521.2118081914,7,send_clear,527516.2118081914,527521.2118081914,,,
528049.7372185967,6,send_clear,528044.7372185967,528049.7372185967,,,
528578.2626290024,0,send_clear,528573.2626290024,528578.2626290024,,,
529106.7880394082,1,send_clear,529101.7880394082,529106.7880394082,,,
529635.3134498133,5,send_clear,529630.3134498133,529635.3134498133,,,
530163.8388602178,8,send_clear,530158.8388602178,530163.8388602178,,,
530692.3642706218,3,send_clear,530687.3642706218,530692.3642706218,,,
531220.8896810255,4,send_clear,531215.8896810255,531220.8896810255,,,
531749.4150914293,2,send_clear,531744.4150914293,531749.4150914293,,,
532277.9405018332,9,send_clear,532272.9405018332,532277.9405018332,,,
532806.4659122378,7,send_clear,532801.4659122378,532806.4659122378,,,
533334.9913226428,6,send_clear,533329.9913226428,533334.9913226428,,,
533863.5167330481,0,send_clear,533858.5167330481,533863.5167330481,,,
534392.0421434537,1,send_clear,534387.0421434537,534392.0421434537,,,
534920.567553859,5,send_clear,534915.567553859,534920.567553859,,,
535449.0929642639,8,send_clear,535444.0929642639,535449.0929642639,,,
535977.6183746682,3,send_clear,535972.6183746682,535977.6183746682,,,
536506.1437850721,4,send_clear,536501.1437850721,536506.1437850721,,,
537034.6691954761,2,send_clear,537029.6691954761,537034.6691954761,,,
537563.1946058801,9,send_clear,537558.1946058801,537563.1946058801,,,
538091.7200162844,7,send_clear,538086.7200162844,538091.7200162844,,,
538620.245426689,6,send_clear,538615.245426689,538620.245426689,,,
539148.770837094,0,send_clear,539143.770837094,539148.770837094,,,
539677.2962474994,1,send_clear,539672.2962474994,539677.2962474994,,,
540205.8216579047,5,send_clear,540200.8216579047,540205.8216579047,,,
540734.3470683097,8,send_clear,540729.3470683097,540734.3470683097,,,
541262.8724787143,3,send_clear,541257.8724787143,541262.8724787143,,,
541791.3978891186,4,send_clear,541786.3978891186,541791.3978891186,,,
542319.9232995227,2,send_clear,542314.9232995227,542319.9232995227,,,
542848.4487099267,9,send_clear,542843.4487099267,542848.4487099267,,,
543376.974120331,7,send_clear,543371.974120331,543376.974120331,,,
543905.4995307354,6,send_clear,543900.4995307354,543905.4995307354,,,
544434.0249411403,0,send_clear,544429.0249411403,544434.0249411403,,,
544962.5503515453,1,send_clear,544957.5503515453,544962.5503515453,,,
545491.0757619505,5,send_clear,545486.0757619505,545491.0757619505,,,
546019.6011723555,8,send_clear,546014.6011723555,546019.6011723555,,,
546548.1265827604,3,send_clear,546543.1265827604,546548.1265827604,,,
547076.6519931648,4,send_clear,547071.6519931648,547076.6519931648,,,
547605.1774035692,2,send_clear,547600.1774035692,547605.1774035692,,,
548133.7028139733,9,send_clear,548128.7028139733,548133.7028139733,,,
548662.2282243776,7,send_clear,548657.2282243776,548662.2282243776,,,
549190.7536347819,6,send_clear,549185.7536347819,549190.7536347819,,,
549719.2790451866,0,send_clear,549714.2790451866,549719.2790451866,,,
550247.8044555915,1,send_clear,550242.8044555915,550247.8044555915,,,
550776.3298659964,5,send_clear,550771.3298659964,550776.3298659964,,,
551304.8552764014,8,send_clear,551299.8552764014,551304.8552764014,,,
551833.3806868063,3,send_clear,551828.3806868063,551833.3806868063,,,
552361.906097211,4,send_clear,552356.906097211,552361.906097211,,,
552890.4315076155,2,send_clear,552885.4315076155,552890.4315076155,,,
553418.9569180198,9,send_clear,553413.9569180198,553418.9569180198,,,
553947.4823284241,7,send_clear,553942.4823284241,553947.4823284241,,,
554476.0077388284,6,send_clear,554471.0077388284,554476.0077388284,,,
555004.533149233,0,send_clear,554999.533149233,555004.533149233,,,
555533.0585596377,1,send_clear,555528.0585596377,555533.0585596377,,,
556061.5839700425,5,send_clear,556056.5839700425,556061.5839700425,,,
556590.1093804474,8,send_clear,556585.1093804474,556590.1093804474,,,
557118.6347908523,3,send_clear,557113.6347908523,557118.6347908523,,,
557647.1602012571,4,send_clear,557642.1602012571,557647.1602012571,,,
558175.6856116616,2,send_clear,558170.6856116616,558175.6856116616,,,
558704.2110220661,9,send_clear,558699.2110220661,558704.2110220661,,,
559232.7364324705,7,send_clear,559227.7364324705,559232.7364324705,,,
559761.2618428749,6,send_clear,559756.2618428749,559761.2618428749,,,
560289.7872532794,0,send_clear,560284.7872532794,560289.7872532794,,,
560818.312663684,1,send_clear,560813.312663684,560818.312663684,,,
561346.8380740887,5,send_clear,561341.8380740887,561346.8380740887,,,
561875.3634844936,8,send_clear,561870.3634844936,561875.3634844936,,,
562403.8888948985,3,send_clear,562398.8888948985,562403.8888948985,,,
562932.4143053032,4,send_clear,562927.4143053032,562932.4143053032,,,
563460.9397157078,2,send_clear,563455.9397157078,563460.9397157078,,,
563989.4651261123,9,send_clear,563984.4651261123,563989.4651261123,,,
564517.9905365168,7,send_clear,564512.9905365168,564517.9905365168,,,
565046.5159469212,6,send_clear,565041.5159469212,565046.5159469212,,,
565575.0413573256,0,send_clear,565570.0413573256,565575.0413573256,,,
566103.5667677303,1,send_clear,566098.5667677303,566103.5667677303,,,
566632.092178135,5,send_clear,566627.092178135,566632.092178135,,,
567160.6175885397,8,send_clear,567155.6175885397,567160.6175885397,,,
567689.1429989446,3,send_clear,567684.1429989446,567689.1429989446,,,
568217.6684093494,4,send_clear,568212.6684093494,568217.6684093494,,,
568746.193819754,2,send_clear,568741.193819754,568746.193819754,,,
569274.7192301586,9,send_clear,569269.7192301586,569274.7192301586,,,
569803.244640563,7,send_clear,569798.244640563,569803.244640563,,,
570331.7700509675,6,send_clear,570326.7700509675,570331.7700509675,,,
570860.2954613719,0,send_clear,570855.2954613719,570860.2954613719,,,
571388.8208717766,1,send_clear,571383.8208717766,571388.8208717766,,,
571917.3462821812,5,send_clear,571912.3462821812,571917.3462821812,,,
572445.8716925859,8,send_clear,572440.8716925859,572445.8716925859,,,
572974.3971029908,3,send_clear,572969.3971029908,572974.3971029908,,,
573502.9225133955,4,send_clear,573497.9225133955,573502.9225133955,,,
574031.4479238001,2,send_clear,574026.4479238001,574031.4479238001,,,
574559.9733342049,9,send_clear,574554.9733342049,574559.9733342049,,,
575088.4987446093,7,send_clear,575083.4987446093,575088.4987446093,,,
575617.0241550137,6,send_clear,575612.0241550137,575617.0241550137,,,
576145.5495654182,0,send_clear,576140.5495654182,576145.5495654182,,,
576674.0749758228,1,send_clear,576669.0749758228,576674.0749758228,,,
577202.6003862275,5,send_clear,577197.6003862275,577202.6003862275,,,
577731.1257966321,8,send_clear,577726.1257966321,577731.1257966321,,,
578259.6512070369,3,send_clear,578254.6512070369,578259.6512070369,,,
578788.1766174417,4,send_clear,578783.1766174417,578788.1766174417,,,
579316.7020278462,2,send_clear,579311.7020278462,579316.7020278462,,,
579845.227438251,9,send_clear,579840.227438251,579845.227438251,,,
580373.7528486556,7,send_clear,580368.7528486556,580373.7528486556,,,
580902.27825906,6,send_clear,580897.27825906,580902.27825906,,,
581430.8036694644,0,send_clear,581425.8036694644,581430.8036694644,,,
581959.3290798691,1,send_clear,581954.3290798691,581959.3290798691,,,
582487.8544902737,5,send_clear,582482.8544902737,582487.8544902737,,,
583016.3799006784,8,send_clear,583011.3799006784,583016.3799006784,,,
583544.9053110831,3,send_clear,583539.9053110831,583544.9053110831,,,
584073.4307214878,4,send_clear,584068.4307214878,584073.4307214878,,,
584601.9561318924,2,send_clear,584596.9561318924,584601.9561318924,,,
585130.4815422972,9,send_clear,585125.4815422972,585130.4815422972,,,
585659.0069527017,7,send_clear,585654.0069527017,585659.0069527017,,,
586187.5323631063,6,send_clear,586182.5323631063,586187.5323631063,,,
586716.0577735107,0,send_clear,586711.0577735107,586716.0577735107,,,
587244.5831839154,1,send_clear,587239.5831839154,587244.5831839154,,,
587773.10859432,5,send_clear,587768.10859432,587773.10859432,,,
588301.6340047247,8,send_clear,588296.6340047247,588301.6340047247,,,
588830.1594151293,3,send_clear,588825.1594151293,588830.1594151293,,,
589358.684825534,4,send_clear,589353.684825534,589358.684825534,,,
589887.2102359387,2,send_clear,589882.2102359387,589887.2102359387,,,
590415.7356463433,9,send_clear,590410.7356463433,590415.7356463433,,,
590944.261056748,7,send_clear,590939.261056748,590944.261056748,,,
591472.7864671525,6,send_clear,591467.7864671525,591472.7864671525,,,
592001.311877557,0,send_clear,591996.311877557,592001.311877557,,,
592529.8372879616,1,send_clear,592524.8372879616,592529.8372879616,,,
593058.3626983663,5,send_clear,593053.3626983663,593058.3626983663,,,
593586.888108771,8,send_clear,593581.888108771,593586.888108771,,,
594115.4135191756,3,send_clear,594110.4135191756,594115.4135191756,,,
594643.9389295803,4,send_clear,594638.9389295803,594643.9389295803,,,
595172.4643399849,2,send_clear,595167.4643399849,595172.4643399849,,,
595700.9897503896,9,send_clear,595695.9897503896,595700.9897503896,,,
596229.5151607943,7,send_clear,596224.5151607943,596229.5151607943,,,
596758.0405711988,6,send_clear,596753.0405711988,596758.0405711988,,,
597286.5659816032,0,send_clear,597281.5659816032,597286.5659816032,,,
597815.0913920079,1,send_clear,597810.0913920079,597815.0913920079,,,
598343.6168024126,5,send_clear,598338.6168024126,598343.6168024126,,,
598872.1422128172,8,send_clear,598867.1422128172,598872.1422128172,,,
599400.6676232219,3,send_clear,599395.6676232219,599400.6676232219,,,
599929.1930336265,4,send_clear,599924.1930336265,599929.1930336265,,,
600457.7184440312,2,send_clear,600452.7184440312,600457.7184440312,,,
600986.2438544359,9,send_clear,600981.2438544359,600986.2438544359,,,
601514.7692648405,7,send_clear,601509.7692648405,601514.7692648405,,,
602043.2946752451,6,send_clear,602038.2946752451,602043.2946752451,,,
602571.8200856495,0,send_clear,602566.8200856495,602571.8200856495,,,
603100.3454960542,1,send_clear,603095.3454960542,603100.3454960542,,,
603628.8709064588,5,send_clear,603623.8709064588,603628.8709064588,,,
604157.3963168635,8,send_clear,604152.3963168635,604157.3963168635,,,
604685.9217272681,3,send_clear,604680.9217272681,604685.9217272681,,,
605214.4471376728,4,send_clear,605209.4471376728,605214.4471376728,,,
605742.9725480775,2,send_clear,605737.9725480775,605742.9725480775,,,
606271.4979584821,9,send_clear,606266.4979584821,606271.4979584821,,,
606800.0233688868,7,send_clear,606795.0233688868,606800.0233688868,,,
607328.5487792913,6,send_clear,607323.5487792913,607328.5487792913,,,
607857.0741896958,0,send_clear,607852.0741896958,607857.0741896958,,,
608385.5996001004,1,send_clear,608380.5996001004,608385.5996001004,,,
608914.1250105051,5,send_clear,608909.1250105051,608914.1250105051,,,
609442.6504209097,8,send_clear,609437.6504209097,609442.6504209097,,,
609971.1758313144,3,send_clear,609966.1758313144,609971.1758313144,,,
610499.7012417191,4,send_clear,610494.7012417191,610499.7012417191,,,
611028.2266521237,2,send_clear,611023.2266521237,611028.2266521237,,,
611556.7520625284,9,send_clear,611551.7520625284,611556.7520625284,,,
612085.277472933,7,send_clear,612080.277472933,612085.277472933,,,
612613.8028833376,6,send_clear,612608.8028833376,612613.8028833376,,,
613142.328293742,0,send_clear,613137.328293742,613142.328293742,,,
613670.8537041467,1,send_clear,613665.8537041467,613670.8537041467,,,
614199.3791145514,5,send_clear,614194.3791145514,614199.3791145514,,,
614727.904524956,8,send_clear,614722.904524956,614727.904524956,,,
615256.4299353607,3,send_clear,615251.4299353607,615256.4299353607,,,
615784.9553457653,4,send_clear,615779.9553457653,615784.9553457653,,,
616313.48075617,2,send_clear,616308.48075617,616313.48075617,,,
616842.0061665747,9,send_clear,616837.0061665747,616842.0061665747,,,
617370.5315769793,7,send_clear,617365.5315769793,617370.5315769793,,,
617899.0569873839,6,send_clear,617894.0569873839,617899.0569873839,,,
618427.5823977883,0,send_clear,618422.5823977883,618427.5823977883,,,
618956.107808193,1,send_clear,618951.107808193,618956.107808193,,,
619484.6332185976,5,send_clear,619479.6332185976,619484.6332185976,,,
620013.1586290023,8,send_clear,620008.1586290023,620013.1586290023,,,
620541.684039407,3,send_clear,620536.684039407,620541.684039407,,,
621070.2094498116,4,send_clear,621065.2094498116,621070.2094498116,,,
621598.7348602163,2,send_clear,621593.7348602163,621598.7348602163,,,
622127.2602706209,9,send_clear,622122.2602706209,622127.2602706209,,,
622655.7856810256,7,send_clear,622650.7856810256,622655.7856810256,,,
623184.3110914301,6,send_clear,623179.3110914301,623184.3110914301,,,
623712.8365018346,0,send_clear,623707.8365018346,623712.8365018346,,,
624241.3619122392,1,send_clear,624236.3619122392,624241.3619122392,,,
624769.8873226439,5,send_clear,624764.8873226439,624769.8873226439,,,
625298.4127330485,8,send_clear,625293.4127330485,625298.4127330485,,,
625826.9381434532,3,send_clear,625821.9381434532,625826.9381434532,,,
626355.4635538579,4,send_clear,626350.4635538579,626355.4635538579,,,
626883.9889642625,2,send_clear,626878.9889642625,626883.9889642625,,,
627412.5143746672,9,send_clear,627407.5143746672,627412.5143746672,,,
627941.0397850719,7,send_clear,627936.0397850719,627941.0397850719,,,
628469.5651954764,6,send_clear,628464.5651954764,628469.5651954764,,,
628998.0906058808,0,send_clear,628993.0906058808,628998.0906058808,,,
629526.6160162855,1,send_clear,629521.6160162855,629526.6160162855,,,
630055.1414266902,5,send_clear,630050.1414266902,630055.1414266902,,,
630583.6668370948,8,send_clear,630578.6668370948,630583.6668370948,,,
631112.1922474995,3,send_clear,631107.1922474995,631112.1922474995,,,
631640.7176579041,4,send_clear,631635.7176579041,631640.7176579041,,,
632169.2430683088,2,send_clear,632164.2430683088,632169.2430683088,,,
632697.7684787135,9,send_clear,632692.7684787135,632697.7684787135,,,
633226.2938891181,7,send_clear,633221.2938891181,633226.2938891181,,,
633754.8192995227,6,send_clear,633749.8192995227,633754.8192995227,,,
634283.3447099271,0,send_clear,634278.3447099271,634283.3447099271,,,
634811.8701203318,1,send_clear,634806.8701203318,634811.8701203318,,,
635340.3955307364,5,send_clear,635335.3955307364,635340.3955307364,,,
635868.9209411411,8,send_clear,635863.9209411411,635868.9209411411,,,
636397.4463515457,3,send_clear,636392.4463515457,636397.4463515457,,,
636925.9717619504,4,send_clear,636920.9717619504,636925.9717619504,,,
637454.4971723551,2,send_clear,637449.4971723551,637454.4971723551,,,
637983.0225827597,9,send_clear,637978.0225827597,637983.0225827597,,,
638511.5479931644,7,send_clear,638506.5479931644,638511.5479931644,,,
639040.0734035689,6,send_clear,639035.0734035689,639040.0734035689,,,
639568.5988139734,0,send_clear,639563.5988139734,639568.5988139734,,,
640097.124224378,1,send_clear,640092.124224378,640097.124224378,,,
640625.6496347827,5,send_clear,640620.6496347827,640625.6496347827,,,
641154.1750451874,8,send_clear,641149.1750451874,641154.1750451874,,,
641682.700455592,3,send_clear,641677.700455592,641682.700455592,,,
642211.2258659967,4,send_clear,642206.2258659967,642211.2258659967,,,
642739.7512764013,2,send_clear,642734.7512764013,642739.7512764013,,,
643268.276686806,9,send_clear,643263.276686806,643268.276686806,,,
643796.8020972107,7,send_clear,643791.8020972107,643796.8020972107,,,
644325.3275076152,6,send_clear,644320.3275076152,644325.3275076152,,,
644853.8529180196,0,send_clear,644848.8529180196,644853.8529180196,,,
645382.3783284243,1,send_clear,645377.3783284243,645382.3783284243,,,
645910.903738829,5,send_clear,645905.903738829,645910.903738829,,,
646439.4291492336,8,send_clear,646434.4291492336,646439.4291492336,,,
646967.9545596383,3,send_clear,646962.9545596383,646967.9545596383,,,
647496.479970043,4,send_clear,647491.479970043,647496.479970043,,,
648025.0053804476,2,send_clear,648020.0053804476,648025.0053804476,,,
648553.5307908523,9,send_clear,648548.5307908523,648553.5307908523,,,
649082.0562012569,7,send_clear,649077.0562012569,649082.0562012569,,,
649610.5816116615,6,send_clear,649605.5816116615,649610.5816116615,,,
650139.1070220659,0,send_clear,650134.1070220659,650139.1070220659,,,
650667.6324324706,1,send_clear,650662.6324324706,650667.6324324706,,,
651196.1578428752,5,send_clear,651191.1578428752,651196.1578428752,,,
651724.6832532799,8,send_clear,651719.6832532799,651724.6832532799,,,
652253.2086636845,3,send_clear,652248.2086636845,652253.2086636845,,,
652781.7340740892,4,send_clear,652776.7340740892,652781.7340740892,,,
653310.2594844939,2,send_clear,653305.2594844939,653310.2594844939,,,
653838.7848948985,9,send_clear,653833.7848948985,653838.7848948985,,,
654367.3103053032,7,send_clear,654362.3103053032,654367.3103053032,,,
654895.8357157077,6,send_clear,654890.8357157077,654895.8357157077,,,
655424.3611261122,0,send_clear,655419.3611261122,655424.3611261122,,,
655952.8865365168,1,send_clear,655947.8865365168,655952.8865365168,,,
656481.4119469215,5,send_clear,656476.4119469215,656481.4119469215,,,
657009.9373573262,8,send_clear,657004.9373573262,657009.9373573262,,,
657538.4627677308,3,send_clear,657533.4627677308,657538.4627677308,,,
658066.9881781355,4,send_clear,658061.9881781355,658066.9881781355,,,
658595.5135885401,2,send_clear,658590.5135885401,658595.5135885401,,,
659124.0389989448,9,send_clear,659119.0389989448,659124.0389989448,,,
659652.5644093495,7,send_clear,659647.5644093495,659652.5644093495,,,
660181.089819754,6,send_clear,660176.089819754,660181.089819754,,,
660709.6152301584,0,send_clear,660704.6152301584,660709.6152301584,,,
661238.1406405631,1,send_clear,661233.1406405631,661238.1406405631,,,
661766.6660509678,5,send_clear,661761.6660509678,661766.6660509678,,,
662295.1914613724,8,send_clear,662290.1914613724,662295.1914613724,,,
662823.7168717771,3,send_clear,662818.7168717771,662823.7168717771,,,
663352.2422821817,4,send_clear,663347.2422821817,663352.2422821817,,,
663880.7676925864,2,send_clear,663875.7676925864,663880.7676925864,,,
664409.2931029911,9,send_clear,664404.2931029911,664409.2931029911,,,
664937.8185133957,7,send_clear,664932.8185133957,664937.8185133957,,,
665466.3439238003,6,send_clear,665461.3439238003,665466.3439238003,,,
665994.8693342047,0,send_clear,665989.8693342047,665994.8693342047,,,
666523.3947446094,1,send_clear,666518.3947446094,666523.3947446094,,,
667051.920155014,5,send_clear,667046.920155014,667051.920155014,,,
667580.4455654187,8,send_clear,667575.4455654187,667580.4455654187,,,
668108.9709758234,3,send_clear,668103.9709758234,668108.9709758234,,,
668637.496386228,4,send_clear,668632.496386228,668637.496386228,,,
669166.0217966327,2,send_clear,669161.0217966327,669166.0217966327,,,
669694.5472070373,9,send_clear,669689.5472070373,669694.5472070373,,,
670223.072617442,7,send_clear,670218.072617442,670223.072617442,,,
670751.5980278465,6,send_clear,670746.5980278465,670751.5980278465,,,
671280.123438251,0,send_clear,671275.123438251,671280.123438251,,,
671808.6488486556,1,send_clear,671803.6488486556,671808.6488486556,,,
672337.1742590603,5,send_clear,672332.1742590603,672337.1742590603,,,
672865.699669465,8,send_clear,672860.699669465,672865.699669465,,,
673394.2250798696,3,send_clear,673389.2250798696,673394.2250798696,,,
673922.7504902743,4,send_clear,673917.7504902743,673922.7504902743,,,
674451.275900679,2,send_clear,674446.275900679,674451.275900679,,,
674979.8013110836,9,send_clear,674974.8013110836,674979.8013110836,,,
675508.3267214883,7,send_clear,675503.3267214883,675508.3267214883,,,
676036.8521318928,6,send_clear,676031.8521318928,676036.8521318928,,,
676565.3775422972,0,send_clear,676560.3775422972,676565.3775422972,,,
677093.9029527019,1,send_clear,677088.9029527019,677093.9029527019,,,
677622.4283631066,5,send_clear,677617.4283631066,677622.4283631066,,,
678150.9537735112,8,send_clear,678145.9537735112,678150.9537735112,,,
678679.4791839159,3,send_clear,678674.4791839159,678679.4791839159,,,
679208.0045943205,4,send_clear,679203.0045943205,679208.0045943205,,,
679736.5300047252,2,send_clear,679731.5300047252,679736.5300047252,,,
680265.0554151299,9,send_clear,680260.0554151299,680265.0554151299,,,
680793.5808255345,7,send_clear,680788.5808255345,680793.5808255345,,,
681322.1062359391,6,send_clear,681317.1062359391,681322.1062359391,,,
681850.6316463435,0,send_clear,681845.6316463435,681850.6316463435,,,
682379.1570567482,1,send_clear,682374.1570567482,682379.1570567482,,,
682907.6824671528,5,send_clear,682902.6824671528,682907.6824671528,,,
683436.2078775575,8,send_clear,683431.2078775575,683436.2078775575,,,
683964.7332879622,3,send_clear,683959.7332879622,683964.7332879622,,,
684493.2586983668,4,send_clear,684488.2586983668,684493.2586983668,,,
685021.7841087715,2,send_clear,685016.7841087715,685021.7841087715,,,
685550.3095191761,9,send_clear,685545.3095191761,685550.3095191761,,,
686078.8349295808,7,send_clear,686073.8349295808,686078.8349295808,,,
686607.3603399853,6,send_clear,686602.3603399853,686607.3603399853,,,
687135.8857503898,0,send_clear,687130.8857503898,687135.8857503898,,,
687664.4111607944,1,send_clear,687659.4111607944,687664.4111607944,,,
688192.9365711991,5,send_clear,688187.9365711991,688192.9365711991,,,
688721.4619816038,8,send_clear,688716.4619816038,688721.4619816038,,,
689249.9873920084,3,send_clear,689244.9873920084,689249.9873920084,,,
689778.5128024131,4,send_clear,689773.5128024131,689778.5128024131,,,
690307.0382128177,2,send_clear,690302.0382128177,690307.0382128177,,,
690835.5636232224,9,send_clear,690830.5636232224,690835.5636232224,,,
691364.0890336271,7,send_clear,691359.0890336271,691364.0890336271,,,
691892.6144440316,6,send_clear,691887.6144440316,691892.6144440316,,,
692421.139854436,0,send_clear,692416.139854436,692421.139854436,,,
692949.6652648407,1,send_clear,692944.6652648407,692949.6652648407,,,
693478.1906752454,5,send_clear,693473.1906752454,693478.1906752454,,,
694006.71608565,8,send_clear,694001.71608565,694006.71608565,,,
694535.2414960547,3,send_clear,694530.2414960547,694535.2414960547,,,
695063.7669064594,4,send_clear,695058.7669064594,695063.7669064594,,,
695592.292316864,2,send_clear,695587.292316864,695592.292316864,,,
696120.8177272687,9,send_clear,696115.8177272687,696120.8177272687,,,
696649.3431376733,7,send_clear,696644.3431376733,696649.3431376733,,,
697177.8685480779,6,send_clear,697172.8685480779,697177.8685480779,,,
697706.3939584823,0,send_clear,697701.3939584823,697706.3939584823,,,
698234.919368887,1,send_clear,698229.919368887,698234.919368887,,,
698763.4447792916,5,send_clear,698758.4447792916,698763.4447792916,,,
699291.9701896963,8,send_clear,699286.9701896963,699291.9701896963,,,
699820.495600101,3,send_clear,699815.495600101,699820.495600101,,,
700349.0210105056,4,send_clear,700344.0210105056,700349.0210105056,,,
700877.5464209103,2,send_clear,700872.5464209103,700877.5464209103,,,
701406.0718313149,9,send_clear,701401.0718313149,701406.0718313149,,,
701934.5972417196,7,send_clear,701929.5972417196,701934.5972417196,,,
702463.1226521241,6,send_clear,702458.1226521241,702463.1226521241,,,
702991.6480625286,0,send_clear,702986.6480625286,702991.6480625286,,,
703520.1734729332,1,send_clear,703515.1734729332,703520.1734729332,,,
704048.6988833379,5,send_clear,704043.6988833379,704048.6988833379,,,
704577.2242937426,8,send_clear,704572.2242937426,704577.2242937426,,,
705105.7497041472,3,send_clear,705100.7497041472,705105.7497041472,,,
705634.2751145519,4,send_clear,705629.2751145519,705634.2751145519,,,
706162.8005249565,2,send_clear,706157.8005249565,706162.8005249565,,,
706691.3259353612,9,send_clear,706686.3259353612,706691.3259353612,,,
707219.8513457659,7,send_clear,707214.8513457659,707219.8513457659,,,
707748.3767561704,6,send_clear,707743.3767561704,707748.3767561704,,,
708276.9021665748,0,send_clear,708271.9021665748,708276.9021665748,,,
708805.4275769795,1,send_clear,708800.4275769795,708805.4275769795,,,
709333.9529873842,5,send_clear,709328.9529873842,709333.9529873842,,,
709862.4783977888,8,send_clear,709857.4783977888,709862.4783977888,,,
710391.0038081935,3,send_clear,710386.0038081935,710391.0038081935,,,
710919.5292185982,4,send_clear,710914.5292185982,710919.5292185982,,,
711448.0546290028,2,send_clear,711443.0546290028,711448.0546290028,,,
711976.5800394075,9,send_clear,711971.5800394075,711976.5800394075,,,
712505.1054498121,7,send_clear,712500.1054498121,712505.1054498121,,,
713033.6308602167,6,send_clear,713028.6308602167,713033.6308602167,,,
713562.1562706211,0,send_clear,713557.1562706211,713562.1562706211,,,
714090.6816810258,1,send_clear,714085.6816810258,714090.6816810258,,,
714619.2070914304,5,send_clear,714614.2070914304,714619.2070914304,,,
715147.7325018351,8,send_clear,715142.7325018351,715147.7325018351,,,
715676.2579122398,3,send_clear,715671.2579122398,715676.2579122398,,,
716204.7833226444,4,send_clear,716199.7833226444,716204.7833226444,,,
716733.3087330491,2,send_clear,716728.3087330491,716733.3087330491,,,
717261.8341434537,9,send_clear,717256.8341434537,717261.8341434537,,,
717790.3595538584,7,send_clear,717785.3595538584,717790.3595538584,,,
718318.884964263,6,send_clear,718313.884964263,718318.884964263,,,
718847.4103746674,0,send_clear,718842.4103746674,718847.4103746674,,,
719375.935785072,1,send_clear,719370.935785072,719375.935785072,,,
719904.4611954767,5,send_clear,719899.4611954767,719904.4611954767,,,
720432.9866058814,8,send_clear,720427.9866058814,720432.9866058814,,,
720961.512016286,3,send_clear,720956.512016286,720961.512016286,,,
721490.0374266907,4,send_clear,721485.0374266907,721490.0374266907,,,
722018.5628370953,2,send_clear,722013.5628370953,722018.5628370953,,,
722547.0882475,9,send_clear,722542.0882475,722547.0882475,,,
723075.6136579047,7,send_clear,723070.6136579047,723075.6136579047,,,
723604.1390683092,6,send_clear,723599.1390683092,723604.1390683092,,,
724132.6644787136,0,send_clear,724127.6644787136,724132.6644787136,,,
724661.1898891183,1,send_clear,724656.1898891183,724661.1898891183,,,
725189.715299523,5,send_clear,725184.715299523,725189.715299523,,,
725718.2407099276,8,send_clear,725713.2407099276,725718.2407099276,,,
726246.7661203323,3,send_clear,726241.7661203323,726246.7661203323,,,
726775.291530737,4,send_clear,726770.291530737,726775.291530737,,,
727303.8169411416,2,send_clear,727298.8169411416,727303.8169411416,,,
727832.3423515463,9,send_clear,727827.3423515463,727832.3423515463,,,
728360.8677619509,7,send_clear,728355.8677619509,728360.8677619509,,,
728889.3931723555,6,send_clear,728884.3931723555,728889.3931723555,,,
729417.9185827599,0,send_clear,729412.9185827599,729417.9185827599,,,
729946.4439931646,1,send_clear,729941.4439931646,729946.4439931646,,,
730474.9694035692,5,send_clear,730469.9694035692,730474.9694035692,,,
731003.4948139739,8,send_clear,730998.4948139739,731003.4948139739,,,
731532.0202243786,3,send_clear,731527.0202243786,731532.0202243786,,,
732060.5456347832,4,send_clear,732055.5456347832,732060.5456347832,,,
732589.0710451879,2,send_clear,732584.0710451879,732589.0710451879,,,
733117.5964555925,9,send_clear,733112.5964555925,733117.5964555925,,,
733646.1218659972,7,send_clear,733641.1218659972,733646.1218659972,,,
734174.6472764018,6,send_clear,734169.6472764018,734174.6472764018,,,
734703.1726868062,0,send_clear,734698.1726868062,734703.1726868062,,,
735231.6980972108,1,send_clear,735226.6980972108,735231.6980972108,,,
735760.2235076155,5,send_clear,735755.2235076155,735760.2235076155,,,
736288.7489180202,8,send_clear,736283.7489180202,736288.7489180202,,,
736817.2743284248,3,send_clear,736812.2743284248,736817.2743284248,,,
737345.7997388295,4,send_clear,737340.7997388295,737345.7997388295,,,
737874.3251492342,2,send_clear,737869.3251492342,737874.3251492342,,,
738402.8505596388,9,send_clear,738397.8505596388,738402.8505596388,,,
738931.3759700435,7,send_clear,738926.3759700435,738931.3759700435,,,
739459.901380448,6,send_clear,739454.901380448,739459.901380448,,,
739988.4267908524,0,send_clear,739983.4267908524,739988.4267908524,,,
740516.9522012571,1,send_clear,740511.9522012571,740516.9522012571,,,
741045.4776116618,5,send_clear,741040.4776116618,741045.4776116618,,,
741574.0030220664,8,send_clear,741569.0030220664,741574.0030220664,,,
742102.5284324711,3,send_clear,742097.5284324711,742102.5284324711,,,
742631.0538428758,4,send_clear,742626.0538428758,742631.0538428758,,,
743159.5792532804,2,send_clear,743154.5792532804,743159.5792532804,,,
743688.1046636851,9,send_clear,743683.1046636851,743688.1046636851,,,
744216.6300740897,7,send_clear,744211.6300740897,744216.6300740897,,,
744745.1554844943,6,send_clear,744740.1554844943,744745.1554844943,,,
745273.6808948987,0,send_clear,745268.6808948987,745273.6808948987,,,
745802.2063053034,1,send_clear,745797.2063053034,745802.2063053034,,,
746330.731715708,5,send_clear,746325.731715708,746330.731715708,,,
746859.2571261127,8,send_clear,746854.2571261127,746859.2571261127,,,
747387.7825365174,3,send_clear,747382.7825365174,747387.7825365174,,,
747916.307946922,4,send_clear,747911.307946922,747916.307946922,,,
748444.8333573267,2,send_clear,748439.8333573267,748444.8333573267,,,
748973.3587677313,9,send_clear,748968.3587677313,748973.3587677313,,,
749501.884178136,7,send_clear,749496.884178136,749501.884178136,,,
750030.4095885406,6,send_clear,750025.4095885406,750030.4095885406,,,
750558.934998945,0,send_clear,750553.934998945,750558.934998945,,,
751087.4604093496,1,send_clear,751082.4604093496,751087.4604093496,,,
751615.9858197543,5,send_clear,751610.9858197543,751615.9858197543,,,
752144.511230159,8,send_clear,752139.511230159,752144.511230159,,,
752673.0366405636,3,send_clear,752668.0366405636,752673.0366405636,,,
753201.5620509683,4,send_clear,753196.5620509683,753201.5620509683,,,
753730.087461373,2,send_clear,753725.087461373,753730.087461373,,,
754258.6128717776,9,send_clear,754253.6128717776,754258.6128717776,,,
754787.1382821823,7,send_clear,754782.1382821823,754787.1382821823,,,
755315.6636925868,6,send_clear,755310.6636925868,755315.6636925868,,,
755844.1891029913,0,send_clear,755839.1891029913,755844.1891029913,,,
756372.7145133959,1,send_clear,756367.7145133959,756372.7145133959,,,
756901.2399238006,5,send_clear,756896.2399238006,756901.2399238006,,,
757429.7653342052,8,send_clear,757424.7653342052,757429.7653342052,,,
757958.2907446099,3,send_clear,757953.2907446099,757958.2907446099,,,
758486.8161550146,4,send_clear,758481.8161550146,758486.8161550146,,,
759015.3415654192,2,send_clear,759010.3415654192,759015.3415654192,,,
759543.8669758239,9,send_clear,759538.8669758239,759543.8669758239,,,
760072.3923862285,7,send_clear,760067.3923862285,760072.3923862285,,,
760600.9177966331,6,send_clear,760595.9177966331,760600.9177966331,,,
761129.4432070375,0,send_clear,761124.4432070375,761129.4432070375,,,
761657.9686174422,1,send_clear,761652.9686174422,761657.9686174422,,,
762186.4940278468,5,send_clear,762181.4940278468,762186.4940278468,,,
762715.0194382515,8,send_clear,762710.0194382515,762715.0194382515,,,
763243.5448486562,3,send_clear,763238.5448486562,763243.5448486562,,,
763772.0702590608,4,send_clear,763767.0702590608,763772.0702590608,,,
764300.5956694655,2,send_clear,764295.5956694655,764300.5956694655,,,
764829.1210798702,9,send_clear,764824.1210798702,764829.1210798702,,,
765357.6464902748,7,send_clear,765352.6464902748,765357.6464902748,,,
765886.1719006794,6,send_clear,765881.1719006794,765886.1719006794,,,
766414.6973110838,0,send_clear,766409.6973110838,766414.6973110838,,,
766943.2227214884,1,send_clear,766938.2227214884,766943.2227214884,,,
767471.7481318931,5,send_clear,767466.7481318931,767471.7481318931,,,
768000.2735422978,8,send_clear,767995.2735422978,768000.2735422978,,,
768528.7989527024,3,send_clear,768523.7989527024,768528.7989527024,,,
769057.3243631071,4,send_clear,769052.3243631071,769057.3243631071,,,
769585.8497735118,2,send_clear,769580.8497735118,769585.8497735118,,,
770114.3751839164,9,send_clear,770109.3751839164,770114.3751839164,,,
770642.9005943211,7,send_clear,770637.9005943211,770642.9005943211,,,
771171.4260047256,6,send_clear,771166.4260047256,771171.4260047256,,,
771699.95141513,0,send_clear,771694.95141513,771699.95141513,,,
772228.4768255347,1,send_clear,772223.4768255347,772228.4768255347,,,
772757.0022359394,5,send_clear,772752.0022359394,772757.0022359394,,,
773285.527646344,8,send_clear,773280.527646344,773285.527646344,,,
773814.0530567487,3,send_clear,773809.0530567487,773814.0530567487,,,
774342.5784671534,4,send_clear,774337.5784671534,774342.5784671534,,,
774871.103877558,2,send_clear,774866.103877558,774871.103877558,,,
775399.6292879627,9,send_clear,775394.6292879627,775399.6292879627,,,
775928.1546983673,7,send_clear,775923.1546983673,775928.1546983673,,,
776456.6801087719,6,send_clear,776451.6801087719,776456.6801087719,,,
776985.2055191763,0,send_clear,776980.2055191763,776985.2055191763,,,
777513.730929581,1,send_clear,777508.730929581,777513.730929581,,,
778042.2563399856,5,send_clear,778037.2563399856,778042.2563399856,,,
778570.7817503903,8,send_clear,778565.7817503903,778570.7817503903,,,
779099.307160795,3,send_clear,779094.307160795,779099.307160795,,,
779627.8325711996,4,send_clear,779622.8325711996,779627.8325711996,,,
780156.3579816043,2,send_clear,780151.3579816043,780156.3579816043,,,
780684.883392009,9,send_clear,780679.883392009,780684.883392009,,,
781213.4088024136,7,send_clear,781208.4088024136,781213.4088024136,,,
781741.9342128182,6,send_clear,781736.9342128182,781741.9342128182,,,
782270.4596232226,0,send_clear,782265.4596232226,782270.4596232226,,,
782798.9850336273,1,send_clear,782793.9850336273,782798.9850336273,,,
783327.5104440319,5,send_clear,783322.5104440319,783327.5104440319,,,
783856.0358544366,8,send_clear,783851.0358544366,783856.0358544366,,,
784384.5612648412,3,send_clear,784379.5612648412,784384.5612648412,,,
784913.0866752459,4,send_clear,784908.0866752459,784913.0866752459,,,
785441.6120856506,2,send_clear,785436.6120856506,785441.6120856506,,,
785970.1374960552,9,send_clear,785965.1374960552,785970.1374960552,,,
786498.6629064599,7,send_clear,786493.6629064599,786498.6629064599,,,
787027.1883168644,6,send_clear,787022.1883168644,787027.1883168644,,,
787555.7137272689,0,send_clear,787550.7137272689,787555.7137272689,,,
788084.2391376735,1,send_clear,788079.2391376735,788084.2391376735,,,
788612.7645480782,5,send_clear,788607.7645480782,788612.7645480782,,,
789141.2899584828,8,send_clear,789136.2899584828,789141.2899584828,,,
789669.8153688875,3,send_clear,789664.8153688875,789669.8153688875,,,
790198.3407792922,4,send_clear,790193.3407792922,790198.3407792922,,,
790726.8661896968,2,send_clear,790721.8661896968,790726.8661896968,,,
791255.3916001015,9,send_clear,791250.3916001015,791255.3916001015,,,
791783.9170105061,7,send_clear,791778.9170105061,791783.9170105061,,,
792312.4424209107,6,send_clear,792307.4424209107,792312.4424209107,,,
792840.9678313151,0,send_clear,792835.9678313151,792840.9678313151,,,
793369.4932417198,1,send_clear,793364.4932417198,793369.4932417198,,,
793898.0186521244,5,send_clear,793893.0186521244,793898.0186521244,,,
794426.5440625291,8,send_clear,794421.5440625291,794426.5440625291,,,
794955.0694729338,3,send_clear,794950.0694729338,794955.0694729338,,,
795483.5948833384,4,send_clear,795478.5948833384,795483.5948833384,,,
796012.1202937431,2,send_clear,796007.1202937431,796012.1202937431,,,
796540.6457041478,9,send_clear,796535.6457041478,796540.6457041478,,,
797069.1711145524,7,send_clear,797064.1711145524,797069.1711145524,,,
797597.696524957,6,send_clear,797592.696524957,797597.696524957,,,
798126.2219353614,0,send_clear,798121.2219353614,798126.2219353614,,,
798654.747345766,1,send_clear,798649.747345766,798654.747345766,,,
799183.2727561707,5,send_clear,799178.2727561707,799183.2727561707,,,
799711.7981665754,8,send_clear,799706.7981665754,799711.7981665754,,,
800240.32357698,3,send_clear,800235.32357698,800240.32357698,,,
800768.8489873847,4,send_clear,800763.8489873847,800768.8489873847,,,
801297.3743977894,2,send_clear,801292.3743977894,801297.3743977894,,,
801825.899808194,9,send_clear,801820.899808194,801825.899808194,,,
802354.4252185987,7,send_clear,802349.4252185987,802354.4252185987,,,
802882.9506290032,6,send_clear,802877.9506290032,802882.9506290032,,,
803411.4760394077,0,send_clear,803406.4760394077,803411.4760394077,,,
803940.0014498123,1,send_clear,803935.0014498123,803940.0014498123,,,
804468.526860217,5,send_clear,804463.526860217,804468.526860217,,,
804997.0522706216,8,send_clear,804992.0522706216,804997.0522706216,,,
805525.5776810263,3,send_clear,805520.5776810263,805525.5776810263,,,
806054.103091431,4,send_clear,806049.103091431,806054.103091431,,,
806582.6285018356,2,send_clear,806577.6285018356,806582.6285018356,,,
807111.1539122403,9,send_clear,807106.1539122403,807111.1539122403,,,
807639.679322645,7,send_clear,807634.679322645,807639.679322645,,,
808168.2047330495,6,send_clear,808163.2047330495,808168.2047330495,,,
808696.7301434539,0,send_clear,808691.7301434539,808696.7301434539,,,
809225.2555538586,1,send_clear,809220.2555538586,809225.2555538586,,,
809753.7809642632,5,send_clear,809748.7809642632,809753.7809642632,,,
810282.3063746679,8,send_clear,810277.3063746679,810282.3063746679,,,
810810.8317850726,3,send_clear,810805.8317850726,810810.8317850726,,,
811339.3571954772,4,send_clear,811334.3571954772,811339.3571954772,,,
811867.8826058819,2,send_clear,811862.8826058819,811867.8826058819,,,
812396.4080162866,9,send_clear,812391.4080162866,812396.4080162866,,,
812924.9334266912,7,send_clear,812919.9334266912,812924.9334266912,,,
813453.4588370958,6,send_clear,813448.4588370958,813453.4588370958,,,
813981.9842475002,0,send_clear,813976.9842475002,813981.9842475002,,,
814510.5096579049,1,send_clear,814505.5096579049,814510.5096579049,,,
815039.0350683095,5,send_clear,815034.0350683095,815039.0350683095,,,
815567.5604787142,8,send_clear,815562.5604787142,815567.5604787142,,,
816096.0858891188,3,send_clear,816091.0858891188,816096.0858891188,,,
816624.6112995235,4,send_clear,816619.6112995235,816624.6112995235,,,
817153.1367099282,2,send_clear,817148.1367099282,817153.1367099282,,,
817681.6621203328,9,send_clear,817676.6621203328,817681.6621203328,,,
818210.1875307375,7,send_clear,818205.1875307375,818210.1875307375,,,
818738.712941142,6,send_clear,818733.712941142,818738.712941142,,,
819267.2383515465,0,send_clear,819262.2383515465,819267.2383515465,,,
819795.7637619511,1,send_clear,819790.7637619511,819795.7637619511,,,
820324.2891723558,5,send_clear,820319.2891723558,820324.2891723558,,,
820852.8145827604,8,send_clear,820847.8145827604,820852.8145827604,,,
821381.3399931651,3,send_clear,821376.3399931651,821381.3399931651,,,
821909.8654035698,4,send_clear,821904.8654035698,821909.8654035698,,,
822438.3908139744,2,send_clear,822433.3908139744,822438.3908139744,,,
822966.9162243791,9,send_clear,822961.9162243791,822966.9162243791,,,
823495.4416347838,7,send_clear,823490.4416347838,823495.4416347838,,,
824023.9670451883,6,send_clear,824018.9670451883,824023.9670451883,,,
824552.4924555927,0,send_clear,824547.4924555927,824552.4924555927,,,
825081.0178659974,1,send_clear,825076.0178659974,825081.0178659974,,,
825609.543276402,5,send_clear,825604.543276402,825609.543276402,,,
826138.0686868067,8,send_clear,826133.0686868067,826138.0686868067,,,
826666.5940972114,3,send_clear,826661.5940972114,826666.5940972114,,,
827195.119507616,4,send_clear,827190.119507616,827195.119507616,,,
827723.6449180207,2,send_clear,827718.6449180207,827723.6449180207,,,
828252.1703284254,9,send_clear,828247.1703284254,828252.1703284254,,,
828780.69573883,7,send_clear,828775.69573883,828780.69573883,,,
829309.2211492346,6,send_clear,829304.2211492346,829309.2211492346,,,
829837.746559639,0,send_clear,829832.746559639,829837.746559639,,,
830366.2719700437,1,send_clear,830361.2719700437,830366.2719700437,,,
830894.7973804483,5,send_clear,830889.7973804483,830894.7973804483,,,
831423.322790853,8,send_clear,831418.322790853,831423.322790853,,,
831951.8482012576,3,send_clear,831946.8482012576,831951.8482012576,,,
832480.3736116623,4,send_clear,832475.3736116623,832480.3736116623,,,
833008.899022067,2,send_clear,833003.899022067,833008.899022067,,,
833537.4244324716,9,send_clear,833532.4244324716,833537.4244324716,,,
834065.9498428763,7,send_clear,834060.9498428763,834065.9498428763,,,
834594.4752532808,6,send_clear,834589.4752532808,834594.4752532808,,,
835123.0006636853,0,send_clear,835118.0006636853,835123.0006636853,,,
835651.5260740899,1,send_clear,835646.5260740899,835651.5260740899,,,
836180.0514844946,5,send_clear,836175.0514844946,836180.0514844946,,,
836708.5768948992,8,send_clear,836703.5768948992,836708.5768948992,,,
837237.1023053039,3,send_clear,837232.1023053039,837237.1023053039,,,
837765.6277157086,4,send_clear,837760.6277157086,837765.6277157086,,,
838294.1531261132,2,send_clear,838289.1531261132,838294.1531261132,,,
838822.6785365179,9,send_clear,838817.6785365179,838822.6785365179,,,
839351.2039469226,7,send_clear,839346.2039469226,839351.2039469226,,,
839879.7293573271,6,send_clear,839874.7293573271,839879.7293573271,,,
840408.2547677315,0,send_clear,840403.2547677315,840408.2547677315,,,
840936.7801781362,1,send_clear,840931.7801781362,840936.7801781362,,,
841465.3055885409,5,send_clear,841460.3055885409,841465.3055885409,,,
841993.8309989455,8,send_clear,841988.8309989455,841993.8309989455,,,
842522.3564093502,3,send_clear,842517.3564093502,842522.3564093502,,,
843050.8818197548,4,send_clear,843045.8818197548,843050.8818197548,,,
843579.4072301595,2,send_clear,843574.4072301595,843579.4072301595,,,
844107.9326405642,9,send_clear,844102.9326405642,844107.9326405642,,,
844636.4580509688,7,send_clear,844631.4580509688,844636.4580509688,,,
845164.9834613734,6,send_clear,845159.9834613734,845164.9834613734,,,
845693.5088717778,0,send_clear,845688.5088717778,845693.5088717778,,,
846222.0342821825,1,send_clear,846217.0342821825,846222.0342821825,,,
846750.5596925871,5,send_clear,846745.5596925871,846750.5596925871,,,
847279.0851029918,8,send_clear,847274.0851029918,847279.0851029918,,,
847807.6105133964,3,send_clear,847802.6105133964,847807.6105133964,,,
848336.1359238011,4,send_clear,848331.1359238011,848336.1359238011,,,
848864.6613342058,2,send_clear,848859.6613342058,848864.6613342058,,,
849393.1867446104,9,send_clear,849388.1867446104,849393.1867446104,,,
849921.7121550151,7,send_clear,849916.7121550151,849921.7121550151,,,
850450.2375654196,6,send_clear,850445.2375654196,850450.2375654196,,,
850978.7629758241,0,send_clear,850973.7629758241,850978.7629758241,,,
851507.2883862287,1,send_clear,851502.2883862287,851507.2883862287,,,
852035.8137966334,5,send_clear,852030.8137966334,852035.8137966334,,,
852564.339207038,8,send_clear,852559.339207038,852564.339207038,,,
853092.8646174427,3,send_clear,853087.8646174427,853092.8646174427,,,
853621.3900278474,4,send_clear,853616.3900278474,853621.3900278474,,,
854149.915438252,2,send_clear,854144.915438252,854149.915438252,,,
854678.4408486567,9,send_clear,854673.4408486567,854678.4408486567,,,
855206.9662590614,7,send_clear,855201.9662590614,855206.9662590614,,,
855735.4916694659,6,send_clear,855730.4916694659,855735.4916694659,,,
856264.0170798703,0,send_clear,856259.0170798703,856264.0170798703,,,
856792.542490275,1,send_clear,856787.542490275,856792.542490275,,,
857321.0679006797,5,send_clear,857316.0679006797,857321.0679006797,,,
857849.5933110843,8,send_clear,857844.5933110843,857849.5933110843,,,
858378.118721489,3,send_clear,858373.118721489,858378.118721489,,,
858906.6441318936,4,send_clear,858901.6441318936,858906.6441318936,,,
859435.1695422983,2,send_clear,859430.1695422983,859435.1695422983,,,
859963.694952703,9,send_clear,859958.694952703,859963.694952703,,,
860492.2203631076,7,send_clear,860487.2203631076,860492.2203631076,,,
861020.7457735122,6,send_clear,861015.7457735122,861020.7457735122,,,
861549.2711839166,0,send_clear,861544.2711839166,861549.2711839166,,,
862077.7965943213,1,send_clear,862072.7965943213,862077.7965943213,,,
862606.3220047259,5,send_clear,862601.3220047259,862606.3220047259,,,
863134.8474151306,8,send_clear,863129.8474151306,863134.8474151306,,,
863663.3728255352,3,send_clear,863658.3728255352,863663.3728255352,,,
864191.8982359399,4,send_clear,864186.8982359399,864191.8982359399,,,
864720.4236463446,2,send_clear,864715.4236463446,864720.4236463446,,,
865248.9490567492,9,send_clear,865243.9490567492,865248.9490567492,,,
865777.4744671539,7,send_clear,865772.4744671539,865777.4744671539,,,
866305.9998775584,6,send_clear,866300.9998775584,866305.9998775584,,,
866834.5252879629,0,send_clear,866829.5252879629,866834.5252879629,,,
867363.0506983675,1,send_clear,867358.0506983675,867363.0506983675,,,
867891.5761087722,5,send_clear,867886.5761087722,867891.5761087722,,,
868420.1015191769,8,send_clear,868415.1015191769,868420.1015191769,,,
868948.6269295815,3,send_clear,868943.6269295815,868948.6269295815,,,
869477.1523399862,4,send_clear,869472.1523399862,869477.1523399862,,,
870005.6777503908,2,send_clear,870000.6777503908,870005.6777503908,,,
870534.2031607955,9,send_clear,870529.2031607955,870534.2031607955,,,
871062.7285712002,7,send_clear,871057.7285712002,871062.7285712002,,,
871591.2539816047,6,send_clear,871586.2539816047,871591.2539816047,,,
872119.7793920091,0,send_clear,872114.7793920091,872119.7793920091,,,
872648.3048024138,1,send_clear,872643.3048024138,872648.3048024138,,,
873176.8302128185,5,send_clear,873171.8302128185,873176.8302128185,,,
873705.3556232231,8,send_clear,873700.3556232231,873705.3556232231,,,
874233.8810336278,3,send_clear,874228.8810336278,874233.8810336278,,,
874762.4064440324,4,send_clear,874757.4064440324,874762.4064440324,,,
875290.9318544371,2,send_clear,875285.9318544371,875290.9318544371,,,
875819.4572648418,9,send_clear,875814.4572648418,875819.4572648418,,,
876347.9826752464,7,send_clear,876342.9826752464,876347.9826752464,,,
876876.508085651,6,send_clear,876871.508085651,876876.508085651,,,
877405.0334960554,0,send_clear,877400.0334960554,877405.0334960554,,,
877933.5589064601,1,send_clear,877928.5589064601,877933.5589064601,,,
878462.0843168647,5,send_clear,878457.0843168647,878462.0843168647,,,
878990.6097272694,8,send_clear,878985.6097272694,878990.6097272694,,,
879519.135137674,3,send_clear,879514.135137674,879519.135137674,,,
880047.6605480787,4,send_clear,880042.6605480787,880047.6605480787,,,
880576.1859584834,2,send_clear,880571.1859584834,880576.1859584834,,,
881104.711368888,9,send_clear,881099.711368888,881104.711368888,,,
881633.2367792927,7,send_clear,881628.2367792927,881633.2367792927,,,
882161.7621896972,6,send_clear,882156.7621896972,882161.7621896972,,,
882690.2876001017,0,send_clear,882685.2876001017,882690.2876001017,,,
883218.8130105063,1,send_clear,883213.8130105063,883218.8130105063,,,
883747.338420911,5,send_clear,883742.338420911,883747.338420911,,,
884275.8638313157,8,send_clear,884270.8638313157,884275.8638313157,,,
884804.3892417203,3,send_clear,884799.3892417203,884804.3892417203,,,
885332.914652125,4,send_clear,885327.914652125,885332.914652125,,,
885861.4400625296,2,send_clear,885856.4400625296,885861.4400625296,,,
886389.9654729343,9,send_clear,886384.9654729343,886389.9654729343,,,
886918.490883339,7,send_clear,886913.490883339,886918.490883339,,,
887447.0162937435,6,send_clear,887442.0162937435,887447.0162937435,,,
887975.5417041479,0,send_clear,887970.5417041479,887975.5417041479,,,
888504.0671145526,1,send_clear,888499.0671145526,888504.0671145526,,,
889032.5925249573,5,send_clear,889027.5925249573,889032.5925249573,,,
889561.1179353619,8,send_clear,889556.1179353619,889561.1179353619,,,
890089.6433457666,3,send_clear,890084.6433457666,890089.6433457666,,,
890618.1687561712,4,send_clear,890613.1687561712,890618.1687561712,,,
891146.6941665759,2,send_clear,891141.6941665759,891146.6941665759,,,
891675.2195769806,9,send_clear,891670.2195769806,891675.2195769806,,,
892203.7449873852,7,send_clear,892198.7449873852,892203.7449873852,,,
892732.2703977898,6,send_clear,892727.2703977898,892732.2703977898,,,
893260.7958081942,0,send_clear,893255.7958081942,893260.7958081942,,,
893789.3212185989,1,send_clear,893784.3212185989,893789.3212185989,,,
894317.8466290035,5,send_clear,894312.8466290035,894317.8466290035,,,
894846.3720394082,8,send_clear,894841.3720394082,894846.3720394082,,,
895374.8974498129,3,send_clear,895369.8974498129,895374.8974498129,,,
895903.4228602175,4,send_clear,895898.4228602175,895903.4228602175,,,
896431.9482706222,2,send_clear,896426.9482706222,896431.9482706222,,,
896960.4736810268,9,send_clear,896955.4736810268,896960.4736810268,,,
897488.9990914315,7,send_clear,897483.9990914315,897488.9990914315,,,
898017.524501836,6,send_clear,898012.524501836,898017.524501836,,,
898546.0499122405,0,send_clear,898541.0499122405,898546.0499122405,,,
899074.5753226451,1,send_clear,899069.5753226451,899074.5753226451,,,
899603.1007330498,5,send_clear,899598.1007330498,899603.1007330498,,,
