time,oscillator_id,action,carrier_sense_start,carrier_sense_end,blocking_oscillator_id,blocking_transmission_start,blocking_transmission_end
471.0,11,send_clear,466.0,471.0,,,
509.2272,15,send_clear,504.2272,509.2272,,,
517.7772,16,skip_busy,512.7772,517.7772,15,509.2272,529.7712
670.7644,14,send_clear,665.7644,670.7644,,,
870.71542,8,send_clear,865.71542,870.71542,,,
1421.0,10,send_clear,1416.0,1421.0,,,
1848.0,4,send_clear,1843.0,1848.0,,,
2038.2272,5,send_clear,2033.2272,2038.2272,,,
2431.0,13,send_clear,2426.0,2431.0,,,
2819.0,0,send_clear,2814.0,2819.0,,,
2895.2272,12,send_clear,2890.2272,2895.2272,,,
2976.4419,19,send_clear,2971.4419,2976.4419,,,
3074.849225,6,send_clear,3069.849225,3074.849225,,,
3263.31966125,7,send_clear,3258.31966125,3263.31966125,,,
3340.0218612500003,17,send_clear,3335.0218612500003,3340.0218612500003,,,
3531.504316971875,2,send_clear,3526.504316971875,3531.504316971875,,,
3579.0167942579687,1,send_clear,3574.0167942579687,3579.0167942579687,,,
3632.0028347690622,18,send_clear,3627.0028347690622,3632.0028347690622,,,
3837.2639794657066,9,send_clear,3832.2639794657066,3837.2639794657066,,,
4172.0,3,send_clear,4167.0,4172.0,,,
5471.0,11,send_clear,5466.0,5471.0,,,
5520.843040000001,15,send_clear,5515.843040000001,5520.843040000001,,,
5540.84054,16,skip_busy,5535.84054,5540.84054,15,5520.843040000001,5541.3870400000005
5680.157563000001,14,send_clear,5675.157563000001,5680.157563000001,,,
5874.714727150001,8,send_clear,5869.714727150001,5874.714727150001,,,
6421.0,10,send_clear,6416.0,6421.0,,,
6848.0,4,send_clear,6843.0,6848.0,,,
7042.24304,5,send_clear,7037.24304,7042.24304,,,
7431.0,13,send_clear,7426.0,7431.0,,,
7819.0,0,send_clear,7814.0,7819.0,,,
7904.943039999999,12,send_clear,7899.943039999999,7904.943039999999,,,
7991.766506749999,19,send_clear,7986.766506749999,7991.766506749999,,,
8089.665687021875,6,send_clear,8084.665687021875,8089.665687021875,,,
8268.164162538593,7,send_clear,8263.164162538593,8268.164162538593,,,
8350.915098038593,17,send_clear,8345.915098038593,8350.915098038593,,,
8536.344238689631,2,send_clear,8531.344238689631,8536.344238689631,,,
8592.426375909132,1,send_clear,8587.426375909132,8592.426375909132,,,
8651.858268512293,18,send_clear,8646.858268512293,8651.858268512293,,,
8842.741947749098,9,send_clear,8837.741947749098,8842.741947749098,,,
9172.0,3,send_clear,9167.0,9172.0,,,
10471.0,11,send_clear,10466.0,10471.0,,,
10531.878088,15,send_clear,10526.878088,10531.878088,,,
10574.734281750001,16,send_clear,10569.734281750001,10574.734281750001,,,
10696.991226844626,14,send_clear,10691.991226844626,10696.991226844626,,,
10879.355752134732,8,send_clear,10874.355752134732,10879.355752134732,,,
11421.0,10,send_clear,11416.0,11421.0,,,
11848.0,4,send_clear,11843.0,11848.0,,,
12046.058088000002,5,send_clear,12041.058088000002,12046.058088000002,,,
12431.0,13,send_clear,12426.0,12431.0,,,
12819.0,0,send_clear,12814.0,12819.0,,,
12914.173087999998,12,send_clear,12909.173087999998,12914.173087999998,,,
13006.058466741873,19,send_clear,13001.058466741873,13006.058466741873,,,
13103.527467554337,6,send_clear,13098.527467554337,13103.527467554337,,,
13273.860347239035,7,send_clear,13268.860347239035,13273.860347239035,,,
13361.689488050613,17,send_clear,13356.689488050613,13361.689488050613,,,
13541.521556313777,2,send_clear,13536.521556313777,13541.521556313777,,,
13605.299172756086,1,send_clear,13600.299172756086,13605.299172756086,,,
13670.667359895053,18,send_clear,13665.667359895053,13670.667359895053,,,
13849.237726544228,9,send_clear,13844.237726544228,13849.237726544228,,,
14172.0,3,send_clear,14167.0,14172.0,,,
15471.0,11,send_clear,15466.0,15471.0,,,
15542.3613836,15,send_clear,15537.3613836,15542.3613836,,,
15594.566298459376,16,send_clear,15589.566298459376,15594.566298459376,,,
15712.913546759879,14,send_clear,15707.913546759879,15712.913546759879,,,
15884.560841865989,8,send_clear,15879.560841865989,15884.560841865989,,,
16421.0,10,send_clear,16416.0,16421.0,,,
16848.0,4,send_clear,16843.0,16848.0,,,
17049.6823836,5,send_clear,17044.6823836,17049.6823836,,,
17431.0,13,send_clear,17426.0,17431.0,,,
17819.0,0,send_clear,17814.0,17819.0,,,
17922.941633599996,12,send_clear,17917.941633599996,17922.941633599996,,,
18019.39538791454,19,send_clear,18014.39538791454,18019.39538791454,,,
18117.121076459516,6,send_clear,18112.121076459516,18117.121076459516,,,
18280.314338132146,7,send_clear,18275.314338132146,18280.314338132146,,,
18372.381771004115,17,send_clear,18367.381771004115,18372.381771004115,,,
18547.035264184662,2,send_clear,18542.035264184662,18547.035264184662,,,
18617.7004407443,1,send_clear,18612.7004407443,18617.7004407443,,,
18688.52452939127,18,send_clear,18683.52452939127,18688.52452939127,,,
18856.582085611084,9,send_clear,18851.582085611084,18856.582085611084,,,
19172.0,3,send_clear,19167.0,19172.0,,,
20471.0,11,send_clear,20466.0,20471.0,,,
20552.32051442,15,send_clear,20547.32051442,20552.32051442,,,
20612.962650080586,16,send_clear,20607.962650080586,20612.962650080586,,,
20727.95782209223,14,send_clear,20722.95782209223,20727.95782209223,,,
20890.257890877303,8,send_clear,20885.257890877303,20890.257890877303,,,
21421.0,10,send_clear,21416.0,21421.0,,,
21848.0,4,send_clear,21843.0,21848.0,,,
22053.125464420005,5,send_clear,22048.125464420005,22053.125464420005,,,
22431.0,13,send_clear,22426.0,22431.0,,,
22819.0,0,send_clear,22814.0,22819.0,,,
22931.27175192,12,send_clear,22926.27175192,22931.27175192,,,
23031.848465188872,19,send_clear,23026.848465188872,23031.848465188872,,,
23130.407642980357,6,send_clear,23125.407642980357,23130.407642980357,,,
23287.394914409757,7,send_clear,23282.394914409757,23287.394914409757,,,
23383.01669709327,17,send_clear,23378.01669709327,23383.01669709327,,,
23552.879459215783,2,send_clear,23547.879459215783,23552.879459215783,,,
23629.689953844452,1,send_clear,23624.689953844452,23629.689953844452,,,
23705.517699780597,18,send_clear,23700.517699780597,23705.517699780597,,,
23864.629530060647,9,send_clear,23859.629530060647,23864.629530060647,,,
24172.0,3,send_clear,24167.0,24172.0,,,
25471.0,11,send_clear,25466.0,25471.0,,,
25561.781688699004,15,send_clear,25556.781688699004,25561.781688699004,,,
25630.038416132684,16,send_clear,25625.038416132684,25630.038416132684,,,
25742.159601736166,14,send_clear,25737.159601736166,25742.159601736166,,,
25896.87059136988,8,send_clear,25891.87059136988,25896.87059136988,,,
26421.0,10,send_clear,26416.0,26421.0,,,
26848.0,4,send_clear,26843.0,26848.0,,,
27056.396391199007,5,send_clear,27051.396391199007,27056.396391199007,,,
27431.0,13,send_clear,27426.0,27431.0,,,
27819.0,0,send_clear,27814.0,27819.0,,,
27939.185364324003,12,send_clear,27934.185364324003,27939.185364324003,,,
28043.48304804916,19,send_clear,28038.48304804916,28043.48304804916,,,
28143.356394997623,6,send_clear,28138.356394997623,28143.356394997623,,,
28294.985214787022,7,send_clear,28289.985214787022,28294.985214787022,,,
28393.609298628413,17,send_clear,28388.609298628413,28393.609298628413,,,
28559.04401457605,2,send_clear,28554.04401457605,28559.04401457605,,,
28641.321865758273,1,send_clear,28636.321865758273,28641.321865758273,,,
28721.728448032267,18,send_clear,28716.728448032267,28721.728448032267,,,
28873.25540190487,9,send_clear,28868.25540190487,28873.25540190487,,,
29172.0,3,send_clear,29167.0,29172.0,,,
30471.0,11,send_clear,30466.0,30471.0,,,
30570.769804264055,15,send_clear,30565.769804264055,30570.769804264055,,,
30645.898700772956,16,send_clear,30640.898700772956,30645.898700772956,,,
30755.583581308078,14,send_clear,30750.583581308078,30755.583581308078,,,
30904.263116063437,8,send_clear,30899.263116063437,30904.263116063437,,,
31421.0,10,send_clear,31416.0,31421.0,,,
31848.0,4,send_clear,31843.0,31848.0,,,
32059.503771639058,5,send_clear,32054.503771639058,32059.503771639058,,,
32431.0,13,send_clear,32426.0,32431.0,,,
32819.0,0,send_clear,32814.0,32819.0,,,
32946.7032961078,12,send_clear,32941.7032961078,32946.7032961078,,,
33054.35915566975,19,send_clear,33049.35915566975,33054.35915566975,,,
33155.94355083396,6,send_clear,33150.94355083396,33155.94355083396,,,
33302.9814337813,7,send_clear,33297.9814337813,33302.9814337813,,,
33404.16682236582,17,send_clear,33399.16682236582,33404.16682236582,,,
33565.51522237779,2,send_clear,33560.51522237779,33565.51522237779,,,
33652.64470902811,1,send_clear,33647.64470902811,33652.64470902811,,,
33737.23217286348,18,send_clear,33732.23217286348,33737.23217286348,,,
33882.35327254116,9,send_clear,33877.35327254116,33882.35327254116,,,
34172.0,3,send_clear,34167.0,34172.0,,,
35471.0,11,send_clear,35466.0,35471.0,,,
35579.308514050856,15,send_clear,35574.308514050856,35579.308514050856,,,
35660.63954315014,16,send_clear,35655.63954315014,35660.63954315014,,,
35768.84135370546,14,send_clear,35763.84135370546,35768.84135370546,,,
35912.29794823216,8,send_clear,35907.29794823216,35912.29794823216,,,
36421.0,10,send_clear,36416.0,36421.0,,,
36848.0,4,send_clear,36843.0,36848.0,,,
37062.45578305711,5,send_clear,37057.45578305711,37062.45578305711,,,
37431.0,13,send_clear,37426.0,37431.0,,,
37819.0,0,send_clear,37814.0,37819.0,,,
37953.84533130241,12,send_clear,37948.84533130241,37953.84533130241,,,
38064.53194455707,19,send_clear,38059.53194455707,38064.53194455707,,,
38168.15134509237,6,send_clear,38163.15134509237,38168.15134509237,,,
38311.2916186087,7,send_clear,38306.2916186087,38311.2916186087,,,
38414.690367007475,17,send_clear,38409.690367007475,38414.690367007475,,,
38572.276398430244,2,send_clear,38567.276398430244,38572.276398430244,,,
38663.70150225224,1,send_clear,38658.70150225224,38663.70150225224,,,
38752.098280047336,18,send_clear,38747.098280047336,38752.098280047336,,,
38891.832603827745,9,send_clear,38886.832603827745,38891.832603827745,,,
39172.0,3,send_clear,39167.0,39172.0,,,
40471.0,11,send_clear,40466.0,40471.0,,,
40587.420288348316,15,send_clear,40582.420288348316,40587.420288348316,,,
40674.348742110415,16,send_clear,40669.348742110415,40674.348742110415,,,
40781.87726252124,14,send_clear,40776.87726252124,40781.87726252124,,,
40920.85236665583,8,send_clear,40915.85236665583,40920.85236665583,,,
41421.0,10,send_clear,41416.0,41421.0,,,
41848.0,4,send_clear,41843.0,41848.0,,,
42065.26019390425,5,send_clear,42060.26019390425,42065.26019390425,,,
42431.0,13,send_clear,42426.0,42431.0,,,
42819.0,0,send_clear,42814.0,42819.0,,,
42960.63026473729,12,send_clear,42955.63026473729,42960.63026473729,,,
43074.05213319962,19,send_clear,43069.05213319962,43074.05213319962,,,
43179.96717318086,6,send_clear,43174.96717318086,43179.96717318086,,,
43319.83456078038,7,send_clear,43314.83456078038,43319.83456078038,,,
43425.17626498936,17,send_clear,43420.17626498936,43425.17626498936,,,
43579.30844446983,2,send_clear,43574.30844446983,43579.30844446983,,,
43674.52994059313,1,send_clear,43669.52994059313,43674.52994059313,,,
43766.3903858847,18,send_clear,43761.3903858847,43766.3903858847,,,
43901.616656426944,9,send_clear,43896.616656426944,43901.616656426944,,,
44172.008032821344,3,send_clear,44167.008032821344,44172.008032821344,,,
45471.0,11,send_clear,45466.0,45471.0,,,
45595.1264739309,15,send_clear,45590.1264739309,45595.1264739309,,,
45687.10660345119,16,send_clear,45682.10660345119,45687.10660345119,,,
45794.64610710969,14,send_clear,45789.64610710969,45794.64610710969,,,
45929.817169926304,8,send_clear,45924.817169926304,45929.817169926304,,,
46421.0,10,send_clear,46416.0,46421.0,,,
46848.0,4,send_clear,46843.0,46848.0,,,
47067.924384209036,5,send_clear,47062.924384209036,47067.924384209036,,,
47431.0,13,send_clear,47426.0,47431.0,,,
47819.0,0,send_clear,47814.0,47819.0,,,
47967.075951500425,12,send_clear,47962.075951500425,47967.075951500425,,,
48082.96638778768,19,send_clear,48077.96638778768,48082.96638778768,,,
48191.382840881386,6,send_clear,48186.382840881386,48191.382840881386,,,
48328.538776568275,7,send_clear,48323.538776568275,48328.538776568275,,,
48435.617242923174,17,send_clear,48430.617242923174,48435.617242923174,,,
48586.590365167176,2,send_clear,48581.590365167176,48586.590365167176,,,
48685.16264868251,1,send_clear,48680.16264868251,48685.16264868251,,,
48780.1665380405,18,send_clear,48775.1665380405,48780.1665380405,,,
48911.640625139764,9,send_clear,48906.640625139764,48911.640625139764,,,
49172.51686243727,3,send_clear,49167.51686243727,49172.51686243727,,,
50471.0,11,send_clear,50466.0,50471.0,,,
50602.44735023435,15,send_clear,50597.44735023435,50602.44735023435,,,
50698.986617126415,16,send_clear,50693.986617126415,50698.986617126415,,,
50807.11173165895,14,send_clear,50802.11173165895,50807.11173165895,,,
50939.09548675494,8,send_clear,50934.09548675494,50939.09548675494,,,
51421.0,10,send_clear,51416.0,51421.0,,,
51848.0,4,send_clear,51843.0,51848.0,,,
52070.45536499858,5,send_clear,52065.45536499858,52070.45536499858,,,
52431.0,13,send_clear,52426.0,52431.0,,,
52819.0,0,send_clear,52814.0,52819.0,,,
52973.1993539254,12,send_clear,52968.1993539254,52973.1993539254,,,
53091.31767267465,19,send_clear,53086.31767267465,53091.31767267465,,,
53202.39390684064,6,send_clear,53197.39390684064,53202.39390684064,,,
53337.341570646946,7,send_clear,53332.341570646946,53337.341570646946,,,
53446.00339084544,17,send_clear,53441.00339084544,53446.00339084544,,,
53594.09973871138,2,send_clear,53589.09973871138,53594.09973871138,,,
53695.62747843669,1,send_clear,53690.62747843669,53695.62747843669,,,
53793.47945209218,18,send_clear,53788.47945209218,53793.47945209218,,,
53921.84998201899,9,send_clear,53916.84998201899,53921.84998201899,,,
54173.51071841635,3,send_clear,54168.51071841635,54173.51071841635,,,
55471.0,11,send_clear,55466.0,55471.0,,,
55609.40218272264,15,send_clear,55604.40218272264,55609.40218272264,,,
55710.056071092724,16,send_clear,55705.056071092724,55710.056071092724,,,
55819.24578505616,14,send_clear,55814.24578505616,55819.24578505616,,,
55948.60166942605,8,send_clear,55943.60166942605,55948.60166942605,,,
56421.0,10,send_clear,56416.0,56421.0,,,
56848.0,4,send_clear,56843.0,56848.0,,,
57072.85979674866,5,send_clear,57067.85979674866,57072.85979674866,,,
57431.0,13,send_clear,57426.0,57431.0,,,
57819.0,0,send_clear,57814.0,57819.0,,,
57979.01658622913,12,send_clear,57974.01658622913,57979.01658622913,,,
58099.229818352374,19,send_clear,58094.229818352374,58099.229818352374,,,
58213.00331968718,6,send_clear,58208.00331968718,58213.00331968718,,,
58346.19238986497,7,send_clear,58341.19238986497,58346.19238986497,,,
58456.323377416404,17,send_clear,58451.323377416404,58456.323377416404,,,
58601.81336157643,2,send_clear,58596.81336157643,58601.81336157643,,,
58705.947867795214,1,send_clear,58700.947867795214,58705.947867795214,,,
58806.37677357783,18,send_clear,58801.37677357783,58806.37677357783,,,
58932.1990111713,9,send_clear,58927.1990111713,58932.1990111713,,,
59174.972333054095,3,send_clear,59169.972333054095,59174.972333054095,,,
60471.0,11,send_clear,60466.0,60471.0,,,
60616.009273586504,15,send_clear,60611.009273586504,60616.009273586504,,,
60720.37660784051,16,send_clear,60715.37660784051,60720.37660784051,,,
60831.026631900575,14,send_clear,60826.026631900575,60831.026631900575,,,
60958.26026712446,8,send_clear,60953.26026712446,60958.26026712446,,,
61421.0,10,send_clear,61416.0,61421.0,,,
61848.0,4,send_clear,61843.0,61848.0,,,
62075.14400691122,5,send_clear,62070.14400691122,62075.14400691122,,,
62431.0,13,send_clear,62426.0,62431.0,,,
62819.0,0,send_clear,62814.0,62819.0,,,
62984.54295691768,12,send_clear,62979.54295691768,62984.54295691768,,,
63107.02267528064,19,send_clear,63102.02267528064,63107.02267528064,,,
63223.2304602353,6,send_clear,63218.2304602353,63223.2304602353,,,
63355.06177194073,7,send_clear,63350.06177194073,63355.06177194073,,,
63466.566423576514,17,send_clear,63461.566423576514,63466.566423576514,,,
63609.70835416874,2,send_clear,63604.70835416874,63609.70835416874,,,
63716.1433135135,1,send_clear,63711.1433135135,63716.1433135135,,,
63818.90139065269,18,send_clear,63813.90139065269,63818.90139065269,,,
63942.649524506625,9,send_clear,63937.649524506625,63942.649524506625,,,
64176.88339262672,3,send_clear,64171.88339262672,64176.88339262672,,,
65471.0,11,send_clear,65466.0,65471.0,,,
65622.28600990718,15,send_clear,65617.28600990718,65622.28600990718,,,
65730.00472907141,16,send_clear,65725.00472907141,65730.00472907141,,,
65842.43839721444,14,send_clear,65837.43839721444,65842.43839721444,,,
65968.00507557145,8,send_clear,65963.00507557145,65968.00507557145,,,
66421.0,10,send_clear,66416.0,66421.0,,,
66848.0,4,send_clear,66843.0,66848.0,,,
67077.31400656566,5,send_clear,67072.31400656566,67077.31400656566,,,
67431.0,13,send_clear,67426.0,67431.0,,,
67819.0,0,send_clear,67814.0,67819.0,,,
67989.7930090718,12,send_clear,67984.7930090718,67989.7930090718,,,
68114.68839197021,19,send_clear,68109.68839197021,68114.68839197021,,,
68233.09311789178,6,send_clear,68228.09311789178,68233.09311789178,,,
68363.92364368968,7,send_clear,68358.92364368968,68363.92364368968,,,
68476.72234256215,17,send_clear,68471.72234256215,68476.72234256215,,,
68617.76231984067,2,send_clear,68612.76231984067,68617.76231984067,,,
68726.22980770966,1,send_clear,68721.22980770966,68726.22980770966,,,
68831.09174564197,18,send_clear,68826.09174564197,68831.09174564197,,,
68953.16973901555,9,send_clear,68948.16973901555,68953.16973901555,,,
69179.22490994616,3,send_clear,69174.22490994616,69179.22490994616,,,
70471.0,11,send_clear,70466.0,70471.0,,,
70628.24890941182,15,send_clear,70623.24890941182,70628.24890941182,,,
70738.99225345753,16,send_clear,70733.99225345753,70738.99225345753,,,
70853.47012935598,14,send_clear,70848.47012935598,70853.47012935598,,,
70977.77825921026,8,send_clear,70972.77825921026,70977.77825921026,,,
71421.0,10,send_clear,71416.0,71421.0,,,
71848.0,4,send_clear,71843.0,71848.0,,,
72079.37550623738,5,send_clear,72074.37550623738,72079.37550623738,,,
72431.0,13,send_clear,72426.0,72431.0,,,
72819.0,0,send_clear,72814.0,72819.0,,,
72994.78055861821,12,send_clear,72989.78055861821,72994.78055861821,,,
73122.2202003026,19,send_clear,73117.2202003026,73122.2202003026,,,
73242.60766544682,6,send_clear,73237.60766544682,73242.60766544682,,,
73372.75497121665,7,send_clear,73367.75497121665,73372.75497121665,,,
73486.7815668319,17,send_clear,73481.7815668319,73486.7815668319,,,
73625.95347313058,2,send_clear,73620.95347313058,73625.95347313058,,,
73736.220239539,1,send_clear,73731.220239539,73736.220239539,,,
73842.98214239253,18,send_clear,73837.98214239253,73842.98214239253,,,
73963.73329795926,9,send_clear,73958.73329795926,73963.73329795926,,,
74181.97752934681,3,send_clear,74176.97752934681,74181.97752934681,,,
75471.0,11,send_clear,75466.0,75471.0,,,
75633.91366394123,15,send_clear,75628.91366394123,75633.91366394123,,,
75747.38673194248,16,send_clear,75742.38673194248,75747.38673194248,,,
75864.11506737811,14,send_clear,75859.11506737811,75864.11506737811,,,
75987.52954207343,8,send_clear,75982.52954207343,75987.52954207343,,,
76421.0,10,send_clear,76416.0,76421.0,,,
76848.0,4,send_clear,76843.0,76848.0,,,
77081.33393092551,5,send_clear,77076.33393092551,77081.33393092551,,,
77431.0,13,send_clear,77426.0,77431.0,,,
77819.0,0,send_clear,77814.0,77819.0,,,
77999.5187306873,12,send_clear,77994.5187306873,77999.5187306873,,,
78129.61232682184,19,send_clear,78124.61232682184,78129.61232682184,,,
78251.7892141145,6,send_clear,78246.7892141145,78251.7892141145,,,
78381.53544775279,7,send_clear,78376.53544775279,78381.53544775279,,,
78496.73516412386,17,send_clear,78491.73516412386,78496.73516412386,,,
78634.26074147479,2,send_clear,78629.26074147479,78634.26074147479,,,
78746.12476355358,1,send_clear,78741.12476355358,78746.12476355358,,,
78854.603046907,18,send_clear,78849.603046907,78854.603046907,,,
78974.31842002238,9,send_clear,78969.31842002238,78974.31842002238,,,
79185.12177388059,3,send_clear,79180.12177388059,79185.12177388059,,,
80471.0,11,send_clear,80466.0,80471.0,,,
80639.29518074417,15,send_clear,80634.29518074417,80639.29518074417,,,
80755.50935438256,16,send_clear,80750.50935438256,80755.50935438256,,,
80874.38387711323,14,send_clear,80869.38387711323,80874.38387711323,,,
80997.2293399101,8,send_clear,80992.2293399101,80997.2293399101,,,
81421.0,10,send_clear,81416.0,81421.0,,,
81848.0,4,send_clear,81843.0,81848.0,,,
82083.19443437923,5,send_clear,82078.19443437923,82083.19443437923,,,
82431.0,13,send_clear,82426.0,82431.0,,,
82819.0,0,send_clear,82814.0,82819.0,,,
83004.01999415293,12,send_clear,82999.01999415293,83004.01999415293,,,
83136.85991018839,19,send_clear,83131.85991018839,83136.85991018839,,,
83260.65175097002,6,send_clear,83255.65175097002,83260.65175097002,,,
83390.24721487935,7,send_clear,83385.24721487935,83390.24721487935,,,
83506.57484453682,17,send_clear,83501.57484453682,83506.57484453682,,,
83642.6638441146,2,send_clear,83637.6638441146,83642.6638441146,,,
83755.95113642834,1,send_clear,83750.95113642834,83755.95113642834,,,
83865.98137925041,18,send_clear,83860.98137925041,83865.98137925041,,,
83984.90716201306,9,send_clear,83979.90716201306,83984.90716201306,,,
84188.6382432872,3,send_clear,84183.6382432872,84188.6382432872,,,
85471.0,11,send_clear,85466.0,85471.0,,,
85644.40762170697,15,send_clear,85639.40762170697,85644.40762170697,,,
85763.48146774879,16,send_clear,85758.48146774879,85763.48146774879,,,
85884.29292451321,14,send_clear,85879.29292451321,85884.29292451321,,,
86006.85753521259,8,send_clear,86001.85753521259,86006.85753521259,,,
86421.0,10,send_clear,86416.0,86421.0,,,
86848.0,4,send_clear,86843.0,86848.0,,,
87084.96191266026,5,send_clear,87079.96191266026,87084.96191266026,,,
87431.0,13,send_clear,87426.0,87431.0,,,
87819.0,0,send_clear,87814.0,87819.0,,,
88008.29619444528,12,send_clear,88003.29619444528,88008.29619444528,,,
88143.95892440123,19,send_clear,88138.95892440123,88143.95892440123,,,
88269.20826070665,6,send_clear,88264.20826070665,88269.20826070665,,,
88398.874613373,7,send_clear,88393.874613373,88398.874613373,,,
88516.29296024669,17,send_clear,88511.29296024669,88516.29296024669,,,
88651.14335146098,2,send_clear,88646.14335146098,88651.14335146098,,,
88765.70502381134,1,send_clear,88760.70502381134,88765.70502381134,,,
88877.14079515846,18,send_clear,88872.14079515846,88877.14079515846,,,
88995.48478210575,9,send_clear,88990.48478210575,88995.48478210575,,,
89192.50777022813,3,send_clear,89187.50777022813,89192.50777022813,,,
90471.0,11,send_clear,90466.0,90471.0,,,
90649.26444062161,15,send_clear,90644.26444062161,90649.26444062161,,,
90771.29781639243,16,send_clear,90766.29781639243,90771.29781639243,,,
90893.85735612232,14,send_clear,90888.85735612232,90893.85735612232,,,
91016.39647961412,8,send_clear,91011.39647961412,91016.39647961412,,,
91421.0,10,send_clear,91416.0,91421.0,,,
91848.0,4,send_clear,91843.0,91848.0,,,
92086.64101702724,5,send_clear,92081.64101702724,92086.64101702724,,,
92431.0,13,send_clear,92426.0,92431.0,,,
92819.0,0,send_clear,92814.0,92819.0,,,
93012.35858472301,12,send_clear,93007.35858472301,93012.35858472301,,,
93150.90610741732,19,send_clear,93145.90610741732,93150.90610741732,,,
93277.47083343296,6,send_clear,93272.47083343296,93277.47083343296,,,
93407.4039603431,7,send_clear,93402.4039603431,93407.4039603431,,,
93525.88249922785,17,send_clear,93520.88249922785,93525.88249922785,,,
93659.68072777124,2,send_clear,93654.68072777124,93659.68072777124,,,
93775.39027909162,1,send_clear,93770.39027909162,93775.39027909162,,,
93888.10195615422,18,send_clear,93883.10195615422,93888.10195615422,,,
94006.039191915,9,send_clear,94001.039191915,94006.039191915,,,
94196.71154131247,3,send_clear,94191.71154131247,94196.71154131247,,,
95471.0,11,send_clear,95466.0,95471.0,,,
95653.87841859054,15,send_clear,95648.87841859054,95653.87841859054,,,
95778.95404650233,16,send_clear,95773.95404650233,95778.95404650233,,,
95903.09123110856,14,send_clear,95898.09123110856,95903.09123110856,,,
96025.83074161604,8,send_clear,96020.83074161604,96025.83074161604,,,
96421.0,10,send_clear,96416.0,96421.0,,,
96848.0,4,send_clear,96843.0,96848.0,,,
97088.23616617588,5,send_clear,97083.23616617588,97088.23616617588,,,
97431.0,13,send_clear,97426.0,97431.0,,,
97819.0,0,send_clear,97814.0,97819.0,,,
98016.21785548686,12,send_clear,98011.21785548686,98016.21785548686,,,
98157.6988948208,19,send_clear,98152.6988948208,98157.6988948208,,,
98285.4507600499,6,send_clear,98280.4507600499,98285.4507600499,,,
98415.82334971613,7,send_clear,98410.82334971613,98415.82334971613,,,
98535.33707414131,17,send_clear,98530.33707414131,98535.33707414131,,,
98668.25835963212,2,send_clear,98663.25835963212,98668.25835963212,,,
98785.0091958835,1,send_clear,98780.0091958835,98785.0091958835,,,
98898.88278730588,18,send_clear,98893.88278730588,98898.88278730588,,,
99016.56048687304,9,send_clear,99011.56048687304,99016.56048687304,,,
99201.2311885905,3,send_clear,99196.2311885905,99201.2311885905,,,
100471.0,11,send_clear,100466.0,100471.0,,,
100658.26169766102,15,send_clear,100653.26169766102,100658.26169766102,,,
100786.44662906026,16,send_clear,100781.44662906026,100786.44662906026,,,
100912.00763816739,14,send_clear,100907.00763816739,100912.00763816739,,,
101035.1468810972,8,send_clear,101030.1468810972,101035.1468810972,,,
101421.0,10,send_clear,101416.0,101421.0,,,
101848.0,4,send_clear,101843.0,101848.0,,,
102089.75155786709,5,send_clear,102084.75155786709,102089.75155786709,,,
102431.0,13,send_clear,102426.0,102431.0,,,
102819.0,0,send_clear,102814.0,102819.0,,,
103019.88416271252,12,send_clear,103014.88416271252,103019.88416271252,,,
103164.3353582154,19,send_clear,103159.3353582154,103164.3353582154,,,
103293.15861658465,6,send_clear,103288.15861658465,103293.15861658465,,,
103424.12247346327,7,send_clear,103419.12247346327,103424.12247346327,,,
103544.65090737346,17,send_clear,103539.65090737346,103544.65090737346,,,
103676.85957242617,2,send_clear,103671.85957242617,103676.85957242617,,,
103794.56273600641,1,send_clear,103789.56273600641,103794.56273600641,,,
103909.49872203411,18,send_clear,103904.49872203411,103909.49872203411,,,
104027.04054546493,9,send_clear,104022.04054546493,104027.04054546493,,,
104206.04885643421,3,send_clear,104201.04885643421,104206.04885643421,,,
105471.0,11,send_clear,105466.0,105471.0,,,
105662.42581277796,15,send_clear,105657.42581277796,105662.42581277796,,,
105793.77278824615,16,send_clear,105788.77278824615,105793.77278824615,,,
105920.61879896533,14,send_clear,105915.61879896533,105920.61879896533,,,
106044.33324758019,8,send_clear,106039.33324758019,106044.33324758019,,,
106421.0,10,send_clear,106416.0,106421.0,,,
106848.0,4,send_clear,106843.0,106848.0,,,
107091.19117997373,5,send_clear,107086.19117997373,107091.19117997373,,,
107431.0,13,send_clear,107426.0,107431.0,,,
107819.0,0,send_clear,107814.0,107819.0,,,
108023.3671545769,12,send_clear,108018.3671545769,108023.3671545769,,,
108170.81414803347,19,send_clear,108165.81414803347,108170.81414803347,,,
108300.60433871174,6,send_clear,108295.60433871174,108300.60433871174,,,
108432.29246126777,7,send_clear,108427.29246126777,108432.29246126777,,,
108553.81881305674,17,send_clear,108548.81881305674,108553.81881305674,,,
108685.46863667767,2,send_clear,108680.46863667767,108685.46863667767,,,
108804.05073469986,1,send_clear,108799.05073469986,108804.05073469986,,,
108919.96293361296,18,send_clear,108914.96293361296,108919.96293361296,,,
109037.47268886099,9,send_clear,109032.47268886099,109037.47268886099,,,
109211.14724805555,3,send_clear,109206.14724805555,109211.14724805555,,,
110471.0,11,send_clear,110466.0,110471.0,,,
110666.38172213906,15,send_clear,110661.38172213906,110666.38172213906,,,
110800.93043494079,16,send_clear,110795.93043494079,110800.93043494079,,,
110928.93615961485,14,send_clear,110923.93615961485,110928.93615961485,,,
111053.37979958155,8,send_clear,111048.37979958155,111053.37979958155,,,
111421.0,10,send_clear,111416.0,111421.0,,,
111848.0,4,send_clear,111843.0,111848.0,,,
112092.55882097504,5,send_clear,112087.55882097504,112092.55882097504,,,
112431.0,13,send_clear,112426.0,112431.0,,,
112819.0,0,send_clear,112814.0,112819.0,,,
113026.67599684806,12,send_clear,113021.67599684806,113026.67599684806,,,
113177.1344404742,19,send_clear,113172.1344404742,113177.1344404742,,,
113307.95804379987,6,send_clear,113302.95804379987,113307.95804379987,,,
113440.33377440668,7,send_clear,113435.33377440668,113440.33377440668,,,
113562.84421458453,17,send_clear,113557.84421458453,113562.84421458453,,,
113694.07154961515,2,send_clear,113689.07154961515,113694.07154961515,,,
113813.47250574015,1,send_clear,113808.47250574015,113813.47250574015,,,
113930.28661147942,18,send_clear,113925.28661147942,113930.28661147942,,,
114047.85141629368,9,send_clear,114042.85141629368,114047.85141629368,,,
114216.50965646746,3,send_clear,114211.50965646746,114216.50965646746,,,
115471.0,11,send_clear,115466.0,115471.0,,,
115670.1398360321,15,send_clear,115665.1398360321,115670.1398360321,,,
115807.91810499536,16,send_clear,115802.91810499536,115807.91810499536,,,
115936.9704715137,14,send_clear,115931.9704715137,115936.9704715137,,,
116062.27794268531,8,send_clear,116057.27794268531,116062.27794268531,,,
116421.0,10,send_clear,116416.0,116421.0,,,
116848.0,4,send_clear,116843.0,116848.0,,,
117093.85807992629,5,send_clear,117088.85807992629,117093.85807992629,,,
117431.0,13,send_clear,117426.0,117431.0,,,
117819.0,0,send_clear,117814.0,117819.0,,,
118029.81939700566,12,send_clear,118024.81939700566,118029.81939700566,,,
118183.29588830077,19,send_clear,118178.29588830077,118183.29588830077,,,
118315.25213602491,6,send_clear,118310.25213602491,118315.25213602491,,,
118448.24843289756,7,send_clear,118443.24843289756,118448.24843289756,,,
118571.73184176859,17,send_clear,118566.73184176859,118571.73184176859,,,
118702.65600617875,2,send_clear,118697.65600617875,118702.65600617875,,,
118822.82703922343,1,send_clear,118817.82703922343,118822.82703922343,,,
118940.47921911483,18,send_clear,118935.47921911483,118940.47921911483,,,
119058.17218852391,9,send_clear,119053.17218852391,119058.17218852391,,,
119222.11998307028,3,send_clear,119217.11998307028,119222.11998307028,,,
120471.0,11,send_clear,120466.0,120471.0,,,
120673.7100442305,15,send_clear,120668.7100442305,120673.7100442305,,,
120814.73490195711,16,send_clear,120809.73490195711,120814.73490195711,,,
120944.73186273992,14,send_clear,120939.73186273992,120944.73186273992,,,
121071.02038425344,8,send_clear,121066.02038425344,121071.02038425344,,,
121421.0,10,send_clear,121416.0,121421.0,,,
121848.0,4,send_clear,121843.0,121848.0,,,
122095.09237592998,5,send_clear,122090.09237592998,122095.09237592998,,,
122431.0,13,send_clear,122426.0,122431.0,,,
122819.0,0,send_clear,122814.0,122819.0,,,
123032.80562715538,12,send_clear,123027.80562715538,123032.80562715538,,,
123189.29857524349,19,send_clear,123184.29857524349,123189.29857524349,,,
123322.48165798583,6,send_clear,123317.48165798583,123322.48165798583,,,
123456.03801591341,7,send_clear,123451.03801591341,123456.03801591341,,,
123580.48580674615,17,send_clear,123575.48580674615,123580.48580674615,,,
123711.21118166951,2,send_clear,123706.21118166951,123711.21118166951,,,
123832.11307780305,1,send_clear,123827.11307780305,123832.11307780305,,,
123950.5487202706,18,send_clear,123945.5487202706,123950.5487202706,,,
124068.431247352,9,send_clear,124063.431247352,124068.431247352,,,
124227.96274628436,3,send_clear,124222.96274628436,124227.96274628436,,,
125471.0,11,send_clear,125466.0,125471.0,,,
125677.10174201897,15,send_clear,125672.10174201897,125677.10174201897,,,
125821.38044396021,16,send_clear,125816.38044396021,125821.38044396021,,,
125952.22990106669,14,send_clear,125947.22990106669,125952.22990106669,,,
126079.60100293017,8,send_clear,126074.60100293017,126079.60100293017,,,
126421.0,10,send_clear,126416.0,126421.0,,,
126848.0,4,send_clear,126843.0,126848.0,,,
127096.26495713348,5,send_clear,127091.26495713348,127096.26495713348,,,
127431.0,13,send_clear,127426.0,127431.0,,,
127819.0,0,send_clear,127814.0,127819.0,,,
128035.64254579761,12,send_clear,128030.64254579761,128035.64254579761,,,
128195.1429737712,19,send_clear,128190.1429737712,128195.1429737712,,,
128329.6419237751,6,send_clear,128324.6419237751,128329.6419237751,,,
128463.70373680475,7,send_clear,128458.70373680475,128463.70373680475,,,
128589.10965880795,17,send_clear,128584.10965880795,128589.10965880795,,,
128719.72754189536,2,send_clear,128714.72754189536,128719.72754189536,,,
128841.3291786054,1,send_clear,128836.3291786054,128841.3291786054,,,
128960.50177721452,18,send_clear,128955.50177721452,128960.50177721452,,,
129078.62546557967,9,send_clear,129073.62546557967,129078.62546557967,,,
129234.1695262183,3,send_clear,129229.1695262183,129234.1695262183,,,
130471.0,11,send_clear,130466.0,130471.0,,,
130680.32385491802,15,send_clear,130675.32385491802,130680.32385491802,,,
130827.8548145081,16,send_clear,130822.8548145081,130827.8548145081,,,
130959.53834673876,14,send_clear,130954.53834673876,130959.53834673876,,,
131088.01796617053,8,send_clear,131083.01796617053,131088.01796617053,,,
131421.0,10,send_clear,131416.0,131421.0,,,
131848.0,4,send_clear,131843.0,131848.0,,,
132097.3789092768,5,send_clear,132092.3789092768,132097.3789092768,,,
132431.0,13,send_clear,132426.0,132431.0,,,
132819.0,0,send_clear,132814.0,132819.0,,,
133038.3376185077,12,send_clear,133033.3376185077,133038.3376185077,,,
133200.82990600803,19,send_clear,133195.82990600803,133200.82990600803,,,
133336.72852288673,6,send_clear,133331.72852288673,133336.72852288673,,,
133471.246509146,7,send_clear,133466.246509146,133471.246509146,,,
133597.6064373686,17,send_clear,133592.6064373686,133597.6064373686,,,
133728.19667761342,2,send_clear,133723.19667761342,133728.19667761342,,,
133850.47376334705,1,send_clear,133845.47376334705,133850.47376334705,,,
133970.3439242901,18,send_clear,133965.3439242901,133970.3439242901,,,
134088.75222265912,9,send_clear,134083.75222265912,134088.75222265912,,,
134240.74498494875,3,send_clear,134235.74498494875,134240.74498494875,,,
135471.0,11,send_clear,135466.0,135471.0,,,
135683.3848621721,15,send_clear,135678.3848621721,135683.3848621721,,,
135834.1585168913,16,send_clear,135829.1585168913,135834.1585168913,,,
135966.79655524637,14,send_clear,135961.79655524637,135966.79655524637,,,
136096.27661178357,8,send_clear,136091.27661178357,136096.27661178357,,,
136421.0,10,send_clear,136416.0,136421.0,,,
136848.0,4,send_clear,136843.0,136848.0,,,
137098.43716381295,5,send_clear,137093.43716381295,137098.43716381295,,,
137431.0,13,send_clear,137426.0,137431.0,,,
137819.0,0,send_clear,137814.0,137819.0,,,
138040.8979375823,12,send_clear,138035.8979375823,138040.8979375823,,,
138206.36050758674,19,send_clear,138201.36050758674,138206.36050758674,,,
138343.7373221217,6,send_clear,138338.7373221217,138343.7373221217,,,
138478.66700472074,7,send_clear,138473.66700472074,138478.66700472074,,,
138605.978722762,17,send_clear,138600.978722762,138605.978722762,,,
138736.61116040844,2,send_clear,138731.61116040844,138736.61116040844,,,
138859.54515877232,1,send_clear,138854.54515877232,138859.54515877232,,,
138980.0797197298,18,send_clear,138975.0797197298,138980.0797197298,,,
139098.80930197804,9,send_clear,139093.80930197804,139098.80930197804,,,
139247.64464070232,3,send_clear,139242.64464070232,139247.64464070232,,,
140471.0,11,send_clear,140466.0,140471.0,,,
140686.2928190635,15,send_clear,140681.2928190635,140686.2928190635,,,
140840.2924319999,16,send_clear,140835.2924319999,140840.2924319999,,,
140973.99854908406,14,send_clear,140968.99854908406,140973.99854908406,,,
141104.38150010887,8,send_clear,141099.38150010887,141104.38150010887,,,
141421.0,10,send_clear,141416.0,141421.0,,,
141848.0,4,send_clear,141843.0,141848.0,,,
142099.4425056223,5,send_clear,142094.4425056223,142099.4425056223,,,
142431.0,13,send_clear,142426.0,142431.0,,,
142819.0,0,send_clear,142814.0,142819.0,,,
143043.3302407032,12,send_clear,143038.3302407032,143043.3302407032,,,
143211.73619424255,19,send_clear,143206.73619424255,143211.73619424255,,,
143350.66446572775,6,send_clear,143345.66446572775,143350.66446572775,,,
143485.96570427337,7,send_clear,143480.96570427337,143485.96570427337,,,
143614.22868462844,17,send_clear,143609.22868462844,143614.22868462844,,,
143744.964417453,2,send_clear,143739.964417453,143744.964417453,,,
143868.5416291845,1,send_clear,143863.5416291845,143868.5416291845,,,
143989.71287834438,18,send_clear,143984.71287834438,143989.71287834438,,,
144108.79480633867,9,send_clear,144103.79480633867,144108.79480633867,,,
144254.82843027214,3,send_clear,144249.82843027214,144254.82843027214,,,
145471.0,11,send_clear,145466.0,145471.0,,,
145689.05537811032,15,send_clear,145684.05537811032,145689.05537811032,,,
145846.25777930542,16,send_clear,145841.25777930542,145846.25777930542,,,
145981.13871059514,14,send_clear,145976.13871059514,145981.13871059514,,,
146112.33652389504,8,send_clear,146107.33652389504,146112.33652389504,,,
146421.0,10,send_clear,146416.0,146421.0,,,
146848.0,4,send_clear,146843.0,146848.0,,,
147100.3975803412,5,send_clear,147095.3975803412,147100.3975803412,,,
147431.0,13,send_clear,147426.0,147431.0,,,
147819.0,0,send_clear,147814.0,147819.0,,,
148045.64092866803,12,send_clear,148040.64092866803,148045.64092866803,,,
148216.9586309638,19,send_clear,148211.9586309638,148216.9586309638,,,
148357.50637398954,6,send_clear,148352.50637398954,148357.50637398954,,,
148493.14294177698,7,send_clear,148488.14294177698,148493.14294177698,,,
148622.35812773052,17,send_clear,148617.35812773052,148622.35812773052,,,
148753.25062287226,2,send_clear,148748.25062287226,148753.25062287226,,,
148877.46140254984,1,send_clear,148872.46140254984,148877.46140254984,,,
148999.24638741973,18,send_clear,148994.24638741973,148999.24638741973,,,
149118.70708871275,9,send_clear,149113.70708871275,149118.70708871275,,,
149262.26025615868,3,send_clear,149257.26025615868,149262.26025615868,,,
150471.0,11,send_clear,150466.0,150471.0,,,
150691.6798092048,15,send_clear,150686.6798092048,150691.6798092048,,,
150852.0560808004,16,send_clear,150847.0560808004,150852.0560808004,,,
150988.21177910542,14,send_clear,150983.21177910542,150988.21177910542,,,
151120.14500560856,8,send_clear,151115.14500560856,151120.14500560856,,,
151421.0,10,send_clear,151416.0,151421.0,,,
151848.0,4,send_clear,151843.0,151848.0,,,
152101.30490132415,5,send_clear,152096.30490132415,152101.30490132415,,,
152431.0,13,send_clear,152426.0,152431.0,,,
152819.0,0,send_clear,152814.0,152819.0,,,
153047.83608223463,12,send_clear,153042.83608223463,153047.83608223463,,,
153222.02970352734,19,send_clear,153217.02970352734,153222.02970352734,,,
153364.25974046643,6,send_clear,153359.25974046643,153364.25974046643,,,
153500.22598171147,7,send_clear,153495.22598171147,153500.22598171147,,,
153630.36988703453,17,send_clear,153625.36988703453,153630.36988703453,,,
153761.46595562523,2,send_clear,153756.46595562523,153761.46595562523,,,
153886.30282321665,1,send_clear,153881.30282321665,153886.30282321665,,,
154008.68267869932,18,send_clear,154003.68267869932,154008.68267869932,,,
154128.544705601,9,send_clear,154123.544705601,154128.544705601,,,
154269.90758370148,3,send_clear,154264.90758370148,154269.90758370148,,,
155471.0,11,send_clear,155466.0,155471.0,,,
155694.17301874456,15,send_clear,155689.17301874456,155694.17301874456,,,
155857.6891276976,16,send_clear,155852.6891276976,155857.6891276976,,,
155995.21284653503,14,send_clear,155990.21284653503,155995.21284653503,,,
156127.8097834541,8,send_clear,156122.8097834541,156127.8097834541,,,
156421.0,10,send_clear,156416.0,156421.0,,,
156848.0,4,send_clear,156843.0,156848.0,,,
157102.16685625794,5,send_clear,157097.16685625794,157102.16685625794,,,
157431.0,13,send_clear,157426.0,157431.0,,,
157819.0,0,send_clear,157814.0,157819.0,,,
158049.9214781229,12,send_clear,158044.9214781229,158049.9214781229,,,
158226.95149225713,19,send_clear,158221.95149225713,158226.95149225713,,,
158370.92152805597,6,send_clear,158365.92152805597,158370.92152805597,,,
158507.2879590287,7,send_clear,158502.2879590287,158507.2879590287,,,
158638.27003358275,17,send_clear,158633.27003358275,158638.27003358275,,,
158769.6107446848,2,send_clear,158764.6107446848,158769.6107446848,,,
158895.06470178245,1,send_clear,158890.06470178245,158895.06470178245,,,
159018.02390298777,18,send_clear,159013.02390298777,159018.02390298777,,,
159138.30640528895,9,send_clear,159133.30640528895,159138.30640528895,,,
159277.74108994694,3,send_clear,159272.74108994694,159277.74108994694,,,
160471.0,11,send_clear,160466.0,160471.0,,,
160696.54156780735,15,send_clear,160691.54156780735,160696.54156780735,,,
160863.1589497031,16,send_clear,160858.1589497031,160863.1589497031,,,
161002.13735169344,14,send_clear,160997.13735169344,161002.13735169344,,,
161135.3332872629,8,send_clear,161130.3332872629,161135.3332872629,,,
161421.0,10,send_clear,161416.0,161421.0,,,
161848.0,4,send_clear,161843.0,161848.0,,,
162102.98571344506,5,send_clear,162097.98571344506,162102.98571344506,,,
162431.0,13,send_clear,162426.0,162431.0,,,
162819.0,0,send_clear,162814.0,162819.0,,,
163051.90260421677,12,send_clear,163046.90260421677,163051.90260421677,,,
163231.7262478551,19,send_clear,163226.7262478551,163231.7262478551,,,
163377.48896404594,6,send_clear,163372.48896404594,163377.48896404594,,,
163514.32520927957,7,send_clear,163509.32520927957,163514.32520927957,,,
163646.0637315646,17,send_clear,163641.0637315646,163646.0637315646,,,
163777.68537109703,2,send_clear,163772.68537109703,163777.68537109703,,,
163903.74622916282,1,send_clear,163898.74622916282,163903.74622916282,,,
164027.2719790317,18,send_clear,164022.2719790317,164027.2719790317,,,
164147.9911156101,9,send_clear,164142.9911156101,164147.9911156101,,,
164285.7343484616,3,send_clear,164280.7343484616,164285.7343484616,,,
165471.0,11,send_clear,165466.0,165471.0,,,
165698.79168941698,15,send_clear,165693.79168941698,165698.79168941698,,,
165868.4677866888,16,send_clear,165863.4677866888,165868.4677866888,,,
166008.9810734432,14,send_clear,166003.9810734432,166008.9810734432,,,
166142.71760529466,8,send_clear,166137.71760529466,166142.71760529466,,,
166421.0,10,send_clear,166416.0,166421.0,,,
166848.0,4,send_clear,166843.0,166848.0,,,
167103.7636277728,5,send_clear,167098.7636277728,167103.7636277728,,,
167431.0,13,send_clear,167426.0,167431.0,,,
167819.0,0,send_clear,167814.0,167819.0,,,
168053.78467400593,12,send_clear,168048.78467400593,168053.78467400593,,,
168236.35636916265,19,send_clear,168231.35636916265,168236.35636916265,,,
168383.95953430177,6,send_clear,168378.95953430177,168383.95953430177,,,
168521.33412553067,7,send_clear,168516.33412553067,168521.33412553067,,,
168653.7553418929,17,send_clear,168648.7553418929,168653.7553418929,,,
168785.6902254724,2,send_clear,168780.6902254724,168785.6902254724,,,
168912.346901833,1,send_clear,168907.346901833,168912.346901833,,,
169036.4286318777,18,send_clear,169031.4286318777,169036.4286318777,,,
169157.59793126906,9,send_clear,169152.59793126906,169157.59793126906,,,
169293.86354606424,3,send_clear,169288.86354606424,169293.86354606424,,,
170471.0,11,send_clear,170466.0,170471.0,,,
170700.92930494613,15,send_clear,170695.92930494613,170700.92930494613,,,
170873.61806260166,16,send_clear,170868.61806260166,170873.61806260166,,,
171015.74012290113,14,send_clear,171010.74012290113,171015.74012290113,,,
171149.96454289707,8,send_clear,171144.96454289707,171149.96454289707,,,
171421.0,10,send_clear,171416.0,171421.0,,,
171848.0,4,send_clear,171843.0,171848.0,,,
172104.50264638415,5,send_clear,172099.50264638415,172104.50264638415,,,
172431.0,13,send_clear,172426.0,172431.0,,,
172819.0,0,send_clear,172814.0,172819.0,,,
173055.57264030565,12,send_clear,173050.57264030565,173055.57264030565,,,
173240.8443827198,19,send_clear,173235.8443827198,173240.8443827198,,,
173390.33097672267,6,send_clear,173385.33097672267,173390.33097672267,,,
173528.31116809027,7,send_clear,173523.31116809027,173528.31116809027,,,
173661.34851585716,17,send_clear,173656.34851585716,173661.34851585716,,,
173793.625674766,2,send_clear,173788.625674766,173793.625674766,,,
173920.8664571458,1,send_clear,173915.8664571458,173920.8664571458,,,
174045.4954226783,18,send_clear,174040.4954226783,174045.4954226783,,,
174167.12610081866,9,send_clear,174162.12610081866,174167.12610081866,,,
174302.10722794113,3,send_clear,174297.10722794113,174302.10722794113,,,
175471.0,11,send_clear,175466.0,175471.0,,,
175702.9600396988,15,send_clear,175697.9600396988,175702.9600396988,,,
175878.6123614565,16,send_clear,175873.6123614565,175878.6123614565,,,
176022.4109348289,14,send_clear,176017.4109348289,176022.4109348289,,,
176157.11406249367,8,send_clear,176152.11406249367,176157.11406249367,,,
176421.33290312468,10,send_clear,176416.33290312468,176421.33290312468,,,
176848.0,4,send_clear,176843.0,176848.0,,,
177105.20471406495,5,send_clear,177100.20471406495,177105.20471406495,,,
177431.0,13,send_clear,177426.0,177431.0,,,
177819.0,0,send_clear,177814.0,177819.0,,,
178057.27120829036,12,send_clear,178052.27120829036,178057.27120829036,,,
178245.19292399834,19,send_clear,178240.19292399834,178245.19292399834,,,
178396.60127408645,6,send_clear,178391.60127408645,178396.60127408645,,,
178535.25287339007,7,send_clear,178530.25287339007,178535.25287339007,,,
178668.8462797497,17,send_clear,178663.8462797497,178668.8462797497,,,
178801.4920369498,2,send_clear,178796.4920369498,178801.4920369498,,,
178929.3048177097,1,send_clear,178924.3048177097,178929.3048177097,,,
179054.47377160777,18,send_clear,179049.47377160777,179054.47377160777,,,
179176.57501341042,9,send_clear,179171.57501341042,179176.57501341042,,,
179310.44606803876,3,send_clear,179305.44606803876,179310.44606803876,,,
180471.0,11,send_clear,180466.0,180471.0,,,
180704.88923771388,15,send_clear,180699.88923771388,180704.88923771388,,,
180883.45340526936,16,send_clear,180878.45340526936,180883.45340526936,,,
181028.9902583509,14,send_clear,181023.9902583509,181028.9902583509,,,
181164.23507228654,8,send_clear,181159.23507228654,181164.23507228654,,,
181422.0052115828,10,send_clear,181417.0052115828,181422.0052115828,,,
181848.0,4,send_clear,181843.0,181848.0,,,
182105.8716783617,5,send_clear,182100.8716783617,182105.8716783617,,,
182431.0,13,send_clear,182426.0,182431.0,,,
182819.0,0,send_clear,182814.0,182819.0,,,
183058.88484787583,12,send_clear,183053.88484787583,183058.88484787583,,,
183249.40472019222,19,send_clear,183244.40472019222,183249.40472019222,,,
183402.76864639175,6,send_clear,183397.76864639175,183402.76864639175,,,
183542.15586204015,7,send_clear,183537.15586204015,183542.15586204015,,,
183676.25111127974,17,send_clear,183671.25111127974,183676.25111127974,,,
183809.2895623581,2,send_clear,183804.2895623581,183809.2895623581,,,
183937.6620438867,1,send_clear,183932.6620438867,183937.6620438867,,,
184063.36497528234,18,send_clear,184058.36497528234,184063.36497528234,,,
184185.94418545163,9,send_clear,184180.94418545163,184185.94418545163,,,
184318.86266200346,3,send_clear,184313.86266200346,184318.86266200346,,,
185471.0,11,send_clear,185466.0,185471.0,,,
185706.7219758282,15,send_clear,185701.7219758282,185706.7219758282,,,
185888.14403379732,16,send_clear,185883.14403379732,185888.14403379732,,,
186035.47514712322,14,send_clear,186030.47514712322,186035.47514712322,,,
186171.32427602838,8,send_clear,186166.32427602838,186171.32427602838,,,
186422.99836480507,10,send_clear,186417.99836480507,186422.99836480507,,,
186848.0,4,send_clear,186843.0,186848.0,,,
187106.5052944436,5,send_clear,187101.5052944436,187106.5052944436,,,
187431.0,13,send_clear,187426.0,187431.0,,,
187819.0,0,send_clear,187814.0,187819.0,,,
188060.41780548205,12,send_clear,188055.41780548205,188060.41780548205,,,
188253.48257445672,19,send_clear,188248.48257445672,188253.48257445672,,,
188408.831542795,6,send_clear,188403.831542795,188408.831542795,,,
188549.0168460779,7,send_clear,188544.0168460779,188549.0168460779,,,
188683.56500851663,17,send_clear,188678.56500851663,188683.56500851663,,,
188817.01842064274,2,send_clear,188812.01842064274,188817.01842064274,,,
188945.93829354443,1,send_clear,188940.93829354443,188945.93829354443,,,
189072.17021985006,18,send_clear,189067.17021985006,189072.17021985006,,,
189195.23324730597,9,send_clear,189190.23324730597,189195.23324730597,,,
189327.3413402663,3,send_clear,189322.3413402663,189327.3413402663,,,
190471.0,11,send_clear,190466.0,190471.0,,,
190708.46307703678,15,send_clear,190703.46307703678,190708.46307703678,,,
190892.68718595928,16,send_clear,190887.68718595928,190892.68718595928,,,
191041.86294906502,14,send_clear,191036.86294906502,191041.86294906502,,,
191178.3784096802,8,send_clear,191173.3784096802,191178.3784096802,,,
191424.29456704884,10,send_clear,191419.29456704884,191424.29456704884,,,
191848.0,4,send_clear,191843.0,191848.0,,,
192107.1072297214,5,send_clear,192102.1072297214,192107.1072297214,,,
192431.0,13,send_clear,192426.0,192431.0,,,
192819.0,0,send_clear,192814.0,192819.0,,,
193061.87411520796,12,send_clear,193056.87411520796,193061.87411520796,,,
193257.42935149427,19,send_clear,193252.42935149427,193257.42935149427,,,
193414.78863322997,6,send_clear,193409.78863322997,193414.78863322997,,,
193555.8326354355,7,send_clear,193550.8326354355,193555.8326354355,,,
193690.78955203644,17,send_clear,193685.78955203644,193690.78955203644,,,
193824.6786924151,2,send_clear,193819.6786924151,193824.6786924151,,,
193954.13378826634,1,send_clear,193949.13378826634,193954.13378826634,,,
194080.8905907177,18,send_clear,194075.8905907177,194080.8905907177,,,
194204.44193017215,9,send_clear,194199.44193017215,194204.44193017215,,,
194335.86799915804,3,send_clear,194330.86799915804,194335.86799915804,,,
195471.0,11,send_clear,195466.0,195471.0,,,
195710.11712318493,15,send_clear,195705.11712318493,195710.11712318493,,,
195897.08588282057,16,send_clear,195892.08588282057,195897.08588282057,,,
196048.1512957528,14,send_clear,196043.1512957528,196048.1512957528,,,
196185.39425398383,8,send_clear,196180.39425398383,196185.39425398383,,,
196425.87675139558,10,send_clear,196420.87675139558,196425.87675139558,,,
196848.0,4,send_clear,196843.0,196848.0,,,
197107.67906823533,5,send_clear,197102.67906823533,197107.67906823533,,,
197431.0,13,send_clear,197426.0,197431.0,,,
197819.0,0,send_clear,197814.0,197819.0,,,
198063.25760944755,12,send_clear,198058.25760944755,198063.25760944755,,,
198261.24796439192,19,send_clear,198256.24796439192,198261.24796439192,,,
198420.63879978805,6,send_clear,198415.63879978805,198420.63879978805,,,
198562.60014365314,7,send_clear,198557.60014365314,198562.60014365314,,,
198697.92596088548,17,send_clear,198692.92596088548,198697.92596088548,,,
198832.2703647724,2,send_clear,198827.2703647724,198832.2703647724,,,
198962.24878529107,1,send_clear,198957.24878529107,198962.24878529107,,,
199089.52707971397,18,send_clear,199084.52707971397,199089.52707971397,,,
199213.5700532674,9,send_clear,199208.5700532674,199213.5700532674,,,
199344.4299481899,3,send_clear,199339.4299481899,199344.4299481899,,,
200471.0,11,send_clear,200466.0,200471.0,,,
200711.68846702567,15,send_clear,200706.68846702567,200711.68846702567,,,
200901.34321203083,16,send_clear,200896.34321203083,200901.34321203083,,,
201054.3380915667,14,send_clear,201049.3380915667,201054.3380915667,,,
201192.36864586297,8,send_clear,201187.36864586297,201192.36864586297,,,
201427.72854611895,10,send_clear,201422.72854611895,201427.72854611895,,,
201848.0,4,send_clear,201843.0,201848.0,,,
202108.22231482356,5,send_clear,202103.22231482356,202108.22231482356,,,
202431.0,13,send_clear,202426.0,202431.0,,,
202819.0,0,send_clear,202814.0,202819.0,,,
203064.57192897517,12,send_clear,203059.57192897517,203064.57192897517,,,
203264.9413626211,19,send_clear,203259.9413626211,203264.9413626211,,,
203426.3811279297,6,send_clear,203421.3811279297,203426.3811279297,,,
203569.31639286695,7,send_clear,203564.31639286695,203569.31639286695,,,
203705.02268248456,17,send_clear,203700.02268248456,203705.02268248456,,,
203839.7957069925,2,send_clear,203834.7957069925,203839.7957069925,,,
203970.28593149284,1,send_clear,203965.28593149284,203970.28593149284,,,
204098.08082209865,18,send_clear,204093.08082209865,204098.08082209865,,,
204222.61763592466,9,send_clear,204217.61763592466,204222.61763592466,,,
204353.0157890873,3,send_clear,204348.0157890873,204353.0157890873,,,
205471.0,11,send_clear,205466.0,205471.0,,,
205713.1812436744,15,send_clear,205708.1812436744,205713.1812436744,,,
205905.462313613,16,send_clear,205900.462313613,205905.462313613,,,
206060.42150266902,14,send_clear,206055.42150266902,206060.42150266902,,,
206199.29848870327,8,send_clear,206194.29848870327,206199.29848870327,,,
206429.83424324816,10,send_clear,206424.83424324816,206429.83424324816,,,
206848.0,4,send_clear,206843.0,206848.0,,,
207108.7383990824,5,send_clear,207103.7383990824,207108.7383990824,,,
207431.0,13,send_clear,207426.0,207431.0,,,
207819.0,0,send_clear,207814.0,207819.0,,,
208065.8205325264,12,send_clear,208060.8205325264,208065.8205325264,,,
208268.51252111635,19,send_clear,208263.51252111635,208268.51252111635,,,
208432.01489758902,6,send_clear,208427.01489758902,208432.01489758902,,,
208575.97851810305,7,send_clear,208570.97851810305,208575.97851810305,,,
208712.09767426547,17,send_clear,208707.09767426547,208712.09767426547,,,
208847.2575288839,2,send_clear,208842.2575288839,208847.2575288839,,,
208978.2486091441,1,send_clear,208973.2486091441,208978.2486091441,,,
209106.55314502324,18,send_clear,209101.55314502324,209106.55314502324,,,
209231.5849226075,9,send_clear,209226.5849226075,209231.5849226075,,,
209361.61531017028,3,send_clear,209356.61531017028,209361.61531017028,,,
210471.0,11,send_clear,210466.0,210471.0,,,
210714.59938149067,15,send_clear,210709.59938149067,210714.59938149067,,,
210909.4463670069,16,send_clear,210904.4463670069,210909.4463670069,,,
211066.3999458859,14,send_clear,211061.3999458859,211066.3999458859,,,
211206.1807615624,8,send_clear,211201.1807615624,211206.1807615624,,,
211432.17876916387,10,send_clear,211427.17876916387,211432.17876916387,,,
211848.0,4,send_clear,211843.0,211848.0,,,
212109.22867912828,5,send_clear,212104.22867912828,212109.22867912828,,,
212431.0,13,send_clear,212426.0,212431.0,,,
212819.0,0,send_clear,212814.0,212819.0,,,
213067.0067059001,12,send_clear,213062.0067059001,213067.0067059001,,,
213271.96443035555,19,send_clear,213266.96443035555,213271.96443035555,,,
213437.53957422735,6,send_clear,213432.53957422735,213437.53957422735,,,
213582.58377090926,7,send_clear,213577.58377090926,213582.58377090926,,,
213719.14917909767,17,send_clear,213714.14917909767,213719.14917909767,,,
213854.6581478908,2,send_clear,213849.6581478908,213854.6581478908,,,
213986.13990315422,1,send_clear,213981.13990315422,213986.13990315422,,,
214114.945510566,18,send_clear,214109.945510566,214114.945510566,,,
214240.47235358137,9,send_clear,214235.47235358137,214240.47235358137,,,
214370.21938685962,3,send_clear,214365.21938685962,214370.21938685962,,,
215471.0,11,send_clear,215466.0,215471.0,,,
215715.94661241613,15,send_clear,215710.94661241613,215715.94661241613,,,
215913.29857927735,16,send_clear,215908.29857927735,215913.29857927735,,,
216072.27207755548,14,send_clear,216067.27207755548,216072.27207755548,,,
216213.01252736207,8,send_clear,216208.01252736207,216213.01252736207,,,
216434.74765707378,10,send_clear,216429.74765707378,216434.74765707378,,,
216848.0,4,send_clear,216843.0,216848.0,,,
217109.69444517186,5,send_clear,217104.69444517186,217109.69444517186,,,
217431.0,13,send_clear,217426.0,217431.0,,,
217819.0,0,send_clear,217814.0,217819.0,,,
218068.1335706051,12,send_clear,218063.1335706051,218068.1335706051,,,
218275.30008736803,19,send_clear,218270.30008736803,218275.30008736803,,,
218442.95479988438,6,send_clear,218437.95479988438,218442.95479988438,,,
218589.129522358,7,send_clear,218584.129522358,218589.129522358,,,
218726.1753962607,17,send_clear,218721.1753962607,218726.1753962607,,,
218861.9994405965,2,send_clear,218856.9994405965,218861.9994405965,,,
218993.96260594888,1,send_clear,218988.96260594888,218993.96260594888,,,
219123.25946701158,18,send_clear,219118.25946701158,219123.25946701158,,,
219249.28053624035,9,send_clear,219244.28053624035,219249.28053624035,,,
219378.81988813588,3,send_clear,219373.81988813588,219378.81988813588,,,
220471.0,11,send_clear,220466.0,220471.0,,,
220717.2264817953,15,send_clear,220712.2264817953,220717.2264817953,,,
220917.02217440325,16,send_clear,220912.02217440325,220917.02217440325,,,
221078.03678239786,14,send_clear,221073.03678239786,221078.03678239786,,,
221219.79094011386,8,send_clear,221214.79094011386,221219.79094011386,,,
221437.52702122577,10,send_clear,221432.52702122577,221437.52702122577,,,
221848.0,4,send_clear,221843.0,221848.0,,,
222110.13692291325,5,send_clear,222105.13692291325,222110.13692291325,,,
222431.0,13,send_clear,222426.0,222431.0,,,
222819.0,0,send_clear,222814.0,222819.0,,,
223069.20409207485,12,send_clear,223064.20409207485,223069.20409207485,,,
223278.52248760336,19,send_clear,223273.52248760336,223278.52248760336,,,
223448.26038427034,6,send_clear,223443.26038427034,223448.26038427034,,,
223595.61326545363,7,send_clear,223590.61326545363,223595.61326545363,,,
223733.17448972035,17,send_clear,223728.17448972035,223733.17448972035,,,
223869.2828897334,2,send_clear,223864.2828897334,223869.2828897334,,,
224001.71922461726,1,send_clear,223996.71922461726,224001.71922461726,,,
224131.49660747117,18,send_clear,224126.49660747117,224131.49660747117,,,
224258.01021749977,9,send_clear,224253.01021749977,224258.01021749977,,,
224387.4095887725,3,send_clear,224382.4095887725,224387.4095887725,,,
225471.0,11,send_clear,225466.0,225471.0,,,
225718.44235770556,15,send_clear,225713.44235770556,225718.44235770556,,,
225920.62038356837,16,send_clear,225915.62038356837,225920.62038356837,,,
226083.6931624564,14,send_clear,226078.6931624564,226083.6931624564,,,
226226.513251231,8,send_clear,226221.513251231,226226.513251231,,,
226440.50353272603,10,send_clear,226435.50353272603,226440.50353272603,,,
226848.0,4,send_clear,226843.0,226848.0,,,
227110.5572767676,5,send_clear,227105.5572767676,227110.5572767676,,,
227431.0,13,send_clear,227426.0,227431.0,,,
227819.0,0,send_clear,227814.0,227819.0,,,
228070.22108747112,12,send_clear,228065.22108747112,228070.22108747112,,,
228281.63461759675,19,send_clear,228276.63461759675,228281.63461759675,,,
228453.45629593666,6,send_clear,228448.45629593666,228453.45629593666,,,
228602.03261697778,7,send_clear,228597.03261697778,228602.03261697778,,,
228740.1445960832,17,send_clear,228735.1445960832,228740.1445960832,,,
228876.50962709502,2,send_clear,228871.50962709502,228876.50962709502,,,
229009.4119898858,1,send_clear,229004.4119898858,229009.4119898858,,,
229139.65853502403,18,send_clear,229134.65853502403,229139.65853502403,,,
229266.6622575643,9,send_clear,229261.6622575643,229266.6622575643,,,
229395.98208715906,3,send_clear,229390.98208715906,229395.98208715906,,,
230471.0,11,send_clear,230466.0,230471.0,,,
230719.59743982027,15,send_clear,230714.59743982027,230719.59743982027,,,
230924.09643638096,16,send_clear,230919.09643638096,230924.09643638096,,,
231089.24052615263,14,send_clear,231084.24052615263,231089.24052615263,,,
231233.17681497708,8,send_clear,231228.17681497708,231233.17681497708,,,
231443.66439683858,10,send_clear,231438.66439683858,231443.66439683858,,,
231848.0,4,send_clear,231843.0,231848.0,,,
232110.9566129292,5,send_clear,232105.9566129292,232110.9566129292,,,
232431.0,13,send_clear,232426.0,232431.0,,,
232819.0,0,send_clear,232814.0,232819.0,,,
233071.18723309756,12,send_clear,233066.18723309756,233071.18723309756,,,
233284.63944837177,19,send_clear,233279.63944837177,233284.63944837177,,,
233458.54265355843,6,send_clear,233453.54265355843,233458.54265355843,,,
233608.3853188068,7,send_clear,233603.3853188068,233608.3853188068,,,
233747.0838322194,17,send_clear,233742.0838322194,233747.0838322194,,,
233883.68047270752,2,send_clear,233878.68047270752,233883.68047270752,,,
234017.04286653773,1,send_clear,234012.04286653773,234017.04286653773,,,
234147.74683363969,18,send_clear,234142.74683363969,234147.74683363969,,,
234275.23760529433,9,send_clear,234270.23760529433,234275.23760529433,,,
234404.53172852367,3,send_clear,234399.53172852367,234404.53172852367,,,
235471.0,11,send_clear,235466.0,235471.0,,,
235720.69476782926,15,send_clear,235715.69476782926,235720.69476782926,,,
235927.45355295338,16,send_clear,235922.45355295338,235927.45355295338,,,
236094.67837749267,14,send_clear,236089.67837749267,236094.67837749267,,,
236239.77909310287,8,send_clear,236234.77909310287,236239.77909310287,,,
236446.9973316518,10,send_clear,236441.9973316518,236446.9973316518,,,
236848.0,4,send_clear,236843.0,236848.0,,,
237111.33598228273,5,send_clear,237106.33598228273,237111.33598228273,,,
237431.0,13,send_clear,237426.0,237431.0,,,
237819.0,0,send_clear,237814.0,237819.0,,,
238072.10507144267,12,send_clear,238067.10507144267,238072.10507144267,,,
238287.53992952532,19,send_clear,238282.53992952532,238287.53992952532,,,
238463.51971735677,6,send_clear,238458.51971735677,238463.51971735677,,,
238614.6692387343,7,send_clear,238609.6692387343,238614.6692387343,,,
238753.99030254513,17,send_clear,238748.99030254513,238753.99030254513,,,
238890.79597058566,2,send_clear,238885.79597058566,238890.79597058566,,,
239024.61356495047,1,send_clear,239019.61356495047,239024.61356495047,,,
239155.76304421015,18,send_clear,239150.76304421015,239155.76304421015,,,
239283.73727532377,9,send_clear,239278.73727532377,239283.73727532377,,,
239413.05353335876,3,send_clear,239408.05353335876,239413.05353335876,,,
240471.0,11,send_clear,240466.0,240471.0,,,
240721.7372294378,15,send_clear,240716.7372294378,240721.7372294378,,,
240930.69493677758,16,send_clear,240925.69493677758,240930.69493677758,,,
241100.00640545692,14,send_clear,241095.00640545692,241100.00640545692,,,
241246.31765872057,8,send_clear,241241.31765872057,241246.31765872057,,,
241450.49054800524,10,send_clear,241445.49054800524,241450.49054800524,,,
241848.0,4,send_clear,241843.0,241848.0,,,
242111.6963831686,5,send_clear,242106.6963831686,242111.6963831686,,,
242431.0,13,send_clear,242426.0,242431.0,,,
242819.0,0,send_clear,242814.0,242819.0,,,
243072.97701787052,12,send_clear,243067.97701787052,243072.97701787052,,,
243290.33898394258,19,send_clear,243285.33898394258,243290.33898394258,,,
243468.38788068606,6,send_clear,243463.38788068606,243468.38788068606,,,
243620.88237083188,7,send_clear,243615.88237083188,243620.88237083188,,,
243760.86210595947,17,send_clear,243755.86210595947,243760.86210595947,,,
243897.85642136604,2,send_clear,243892.85642136604,243897.85642136604,,,
244032.12555346917,1,send_clear,244027.12555346917,244032.12555346917,,,
244163.70864508802,18,send_clear,244158.70864508802,244163.70864508802,,,
244292.1623270239,9,send_clear,244287.1623270239,244292.1623270239,,,
244421.54313084917,3,send_clear,244416.54313084917,244421.54313084917,,,
245471.0,11,send_clear,245466.0,245471.0,,,
245722.72756796592,15,send_clear,245717.72756796592,245722.72756796592,,,
245933.823768337,16,send_clear,245928.823768337,245933.823768337,,,
246105.22447360092,14,send_clear,246100.22447360092,246105.22447360092,,,
246252.7901994646,8,send_clear,246247.7901994646,246252.7901994646,,,
246454.13273057822,10,send_clear,246449.13273057822,246454.13273057822,,,
246848.0,4,send_clear,246843.0,246848.0,,,
247112.03876401018,5,send_clear,247107.03876401018,247112.03876401018,,,
247431.0,13,send_clear,247426.0,247431.0,,,
247819.0,0,send_clear,247814.0,247819.0,,,
248073.805366977,12,send_clear,248068.805366977,248073.805366977,,,
248293.0395030943,19,send_clear,248288.0395030943,248293.0395030943,,,
248473.14766180646,6,send_clear,248468.14766180646,248473.14766180646,,,
248627.0228353806,7,send_clear,248622.0228353806,248627.0228353806,,,
248767.69734243053,17,send_clear,248762.69734243053,248767.69734243053,,,
248904.87566741926,2,send_clear,248899.87566741926,248904.87566741926,,,
249039.58075914232,1,send_clear,249034.58075914232,249039.58075914232,,,
249171.58572435146,18,send_clear,249166.58572435146,249171.58572435146,,,
249300.5139124159,9,send_clear,249295.5139124159,249300.5139124159,,,
249429.99673311884,3,send_clear,249424.99673311884,249429.99673311884,,,
250471.0,11,send_clear,250466.0,250471.0,,,
250723.66838956764,15,send_clear,250718.66838956764,250723.66838956764,,,
250936.8431993985,16,send_clear,250931.8431993985,250936.8431993985,,,
251110.3326098908,14,send_clear,251105.3326098908,251110.3326098908,,,
251259.1945199859,8,send_clear,251254.1945199859,251259.1945199859,,,
251457.9130200486,10,send_clear,251452.9130200486,251457.9130200486,,,
251848.0,4,send_clear,251843.0,251848.0,,,
252112.3640258097,5,send_clear,252107.3640258097,252112.3640258097,,,
252431.0,13,send_clear,252426.0,252431.0,,,
252819.0,0,send_clear,252814.0,252819.0,,,
253074.59229862815,12,send_clear,253069.59229862815,253074.59229862815,,,
253295.644342871,19,send_clear,253290.644342871,253295.644342871,,,
253477.7996958597,6,send_clear,253472.7996958597,253477.7996958597,,,
253633.08887840455,7,send_clear,253628.08887840455,253633.08887840455,,,
253774.49411922923,17,send_clear,253769.49411922923,253774.49411922923,,,
253911.88379000974,2,send_clear,253906.88379000974,253911.88379000974,,,
254046.98233528982,1,send_clear,254041.98233528982,254046.98233528982,,,
254179.39775301714,18,send_clear,254174.39775301714,254179.39775301714,,,
254308.79339453246,9,send_clear,254303.79339453246,254308.79339453246,,,
254438.41115463467,3,send_clear,254433.41115463467,254438.41115463467,,,
255471.0,11,send_clear,255466.0,255471.0,,,
255724.56217008925,15,send_clear,255719.56217008925,255724.56217008925,,,
255939.75634793306,16,send_clear,255934.75634793306,255939.75634793306,,,
256115.3309967929,14,send_clear,256110.3309967929,256115.3309967929,,,
256265.52854382625,8,send_clear,256260.52854382625,256265.52854382625,,,
256461.82099623748,10,send_clear,256456.82099623748,256461.82099623748,,,
256848.0,4,send_clear,256843.0,256848.0,,,
257112.6730245192,5,send_clear,257107.6730245192,257112.6730245192,,,
257431.0,13,send_clear,257426.0,257431.0,,,
257819.0,0,send_clear,257814.0,257819.0,,,
258075.33988369675,12,send_clear,258070.33988369675,258075.33988369675,,,
258298.1563199123,19,send_clear,258293.1563199123,258298.1563199123,,,
258482.34472706233,6,send_clear,258477.34472706233,258482.34472706233,,,
258639.07887083743,7,send_clear,258634.07887083743,258639.07887083743,,,
258781.25055680965,17,send_clear,258776.25055680965,258781.25055680965,,,
258918.87932834975,2,send_clear,258913.87932834975,258918.87932834975,,,
259054.33296546503,1,send_clear,259049.33296546503,259054.33296546503,,,
259187.14792846784,18,send_clear,259182.14792846784,259187.14792846784,,,
259317.00229084853,9,send_clear,259312.00229084853,259317.00229084853,,,
259446.78374820243,3,send_clear,259441.78374820243,259446.78374820243,,,
260471.0,11,send_clear,260466.0,260471.0,,,
260725.41126158478,15,send_clear,260720.41126158478,260725.41126158478,,,
260942.56629361564,16,send_clear,260937.56629361564,260942.56629361564,,,
261120.21996163405,14,send_clear,261115.21996163405,261120.21996163405,,,
261271.79031471664,8,send_clear,261266.79031471664,261271.79031471664,,,
261465.84666216144,10,send_clear,261460.84666216144,261465.84666216144,,,
261848.0,4,send_clear,261843.0,261848.0,,,
262112.96657329323,5,send_clear,262107.96657329323,262112.96657329323,,,
262431.0,13,send_clear,262426.0,262431.0,,,
262819.0,0,send_clear,262814.0,262819.0,,,
263076.0500895119,12,send_clear,263071.0500895119,263076.0500895119,,,
263300.57820839225,19,send_clear,263295.57820839225,263300.57820839225,,,
263486.78360112885,6,send_clear,263481.78360112885,263486.78360112885,,,
263644.991307352,7,send_clear,263639.991307352,263644.991307352,,,
263787.96479433676,17,send_clear,263782.96479433676,263787.96479433676,,,
263925.86080164905,2,send_clear,263920.86080164905,263925.86080164905,,,
264061.63490914565,1,send_clear,264056.63490914565,264061.63490914565,,,
264194.8391789778,18,send_clear,264189.8391789778,264194.8391789778,,,
264325.1422246241,9,send_clear,264320.1422246241,264325.1422246241,,,
264455.11234498536,3,send_clear,264450.11234498536,264455.11234498536,,,
265471.0,11,send_clear,265466.0,265471.0,,,
265726.21789850557,15,send_clear,265721.21789850557,265726.21789850557,,,
265945.2760738601,16,send_clear,265940.2760738601,265945.2760738601,,,
266124.9999672453,14,send_clear,266119.9999672453,266124.9999672453,,,
266277.97799734306,8,send_clear,266272.97799734306,266277.97799734306,,,
266469.9804289205,10,send_clear,266464.9804289205,266469.9804289205,,,
266848.0,4,send_clear,266843.0,266848.0,,,
267113.2454446285,5,send_clear,267108.2454446285,267113.2454446285,,,
267431.0,13,send_clear,267426.0,267431.0,,,
267819.0,0,send_clear,267814.0,267819.0,,,
268076.7247850363,12,send_clear,268071.7247850363,268076.7247850363,,,
268302.9127372245,19,send_clear,268297.9127372245,268302.9127372245,,,
268491.1172579336,6,send_clear,268486.1172579336,268491.1172579336,,,
268650.82480488106,7,send_clear,268645.82480488106,268650.82480488106,,,
268794.634994864,17,send_clear,268789.634994864,268794.634994864,,,
268932.8267113098,2,send_clear,268927.8267113098,268932.8267113098,,,
269068.8900433255,1,send_clear,269063.8900433255,269068.8900433255,,,
269202.47416998097,18,send_clear,269197.47416998097,269202.47416998097,,,
269333.2148832803,9,send_clear,269328.2148832803,269333.2148832803,,,
269463.3951985874,3,send_clear,269458.3951985874,269463.3951985874,,,
270471.0,11,send_clear,270466.0,270471.0,,,
270726.9842035803,15,send_clear,270721.9842035803,270726.9842035803,,,
270947.88868034614,16,send_clear,270942.88868034614,270947.88868034614,,,
271129.6716029004,14,send_clear,271124.6716029004,271129.6716029004,,,
271284.0898776209,8,send_clear,271279.0898776209,271284.0898776209,,,
271474.2131013555,10,send_clear,271469.2131013555,271474.2131013555,,,
271848.0,4,send_clear,271843.0,271848.0,,,
272113.5103723971,5,send_clear,272108.5103723971,272113.5103723971,,,
272431.0,13,send_clear,272426.0,272431.0,,,
272819.0,0,send_clear,272814.0,272819.0,,,
273077.3657457845,12,send_clear,273072.3657457845,273077.3657457845,,,
273305.1625876525,19,send_clear,273300.1625876525,273305.1625876525,,,
273495.34672441956,6,send_clear,273490.34672441956,273495.34672441956,,,
273656.57810085797,7,send_clear,273651.57810085797,273656.57810085797,,,
273801.2593501637,17,send_clear,273796.2593501637,273801.2593501637,,,
273939.7755432525,2,send_clear,273934.7755432525,273939.7755432525,,,
274076.09990039666,1,send_clear,274071.09990039666,274076.09990039666,,,
274210.0553117321,18,send_clear,274205.0553117321,274210.0553117321,,,
274341.2219830159,9,send_clear,274336.2219830159,274341.2219830159,,,
274471.6309331832,3,send_clear,274466.6309331832,274471.6309331832,,,
275471.0,11,send_clear,275466.0,275471.0,,,
275727.7121934013,15,send_clear,275722.7121934013,275727.7121934013,,,
275950.4070559989,16,send_clear,275945.4070559989,275950.4070559989,,,
276134.2355755553,14,send_clear,276129.2355755553,276134.2355755553,,,
276290.1243625176,8,send_clear,276285.1243625176,276290.1243625176,,,
276478.5358644136,10,send_clear,276473.5358644136,276478.5358644136,,,
276848.0,4,send_clear,276843.0,276848.0,,,
277113.76205377723,5,send_clear,277108.76205377723,277113.76205377723,,,
277431.0,13,send_clear,277426.0,277431.0,,,
277819.0,0,send_clear,277814.0,277819.0,,,
278077.9746584953,12,send_clear,278072.9746584953,278077.9746584953,,,
278307.3303911947,19,send_clear,278302.3303911947,278307.3303911947,,,
278499.4731077583,6,send_clear,278494.4731077583,278499.4731077583,,,
278662.250051203,7,send_clear,278657.250051203,278662.250051203,,,
278807.8360852157,17,send_clear,278802.8360852157,278807.8360852157,,,
278946.70577035064,2,send_clear,278941.70577035064,278946.70577035064,,,
279083.26570267323,1,send_clear,279078.26570267323,279083.26570267323,,,
279217.58476806356,18,send_clear,279212.58476806356,279217.58476806356,,,
279349.165238952,9,send_clear,279344.165238952,279349.165238952,,,
279479.8184956284,3,send_clear,279474.8184956284,279479.8184956284,,,
280471.0,11,send_clear,280466.0,280471.0,,,
280728.4037837312,15,send_clear,280723.4037837312,280728.4037837312,,,
280952.83409238554,16,send_clear,280947.83409238554,280952.83409238554,,,
281138.6927013968,14,send_clear,281133.6927013968,281138.6927013968,,,
281296.07997946156,8,send_clear,281291.07997946156,281296.07997946156,,,
281482.940270166,10,send_clear,281477.940270166,281482.940270166,,,
281848.0,4,send_clear,281843.0,281848.0,,,
282114.0011510884,5,send_clear,282109.0011510884,282114.0011510884,,,
282431.0,13,send_clear,282426.0,282431.0,,,
282819.0,0,send_clear,282814.0,282819.0,,,
283078.5531255705,12,send_clear,283073.5531255705,283078.5531255705,,,
283309.41872791346,19,send_clear,283304.41872791346,283309.41872791346,,,
283503.4975887661,6,send_clear,283498.4975887661,283503.4975887661,,,
283667.8396280812,7,send_clear,283662.8396280812,283667.8396280812,,,
283814.36346235895,17,send_clear,283809.36346235895,283814.36346235895,,,
283953.6158549511,2,send_clear,283948.6158549511,283953.6158549511,,,
284090.38839387224,1,send_clear,284085.38839387224,284090.38839387224,,,
284225.06446598115,18,send_clear,284220.06446598115,284225.06446598115,,,
284357.04634016217,9,send_clear,284352.04634016217,284357.04634016217,,,
284487.9571114469,3,send_clear,284482.9571114469,284487.9571114469,,,
285471.0,11,send_clear,285466.0,285471.0,,,
285729.06079454464,15,send_clear,285724.06079454464,285729.06079454464,,,
285955.1726274935,16,send_clear,285950.1726274935,285955.1726274935,,,
286143.04389770166,14,send_clear,286138.04389770166,286143.04389770166,,,
286301.95537537354,8,send_clear,286296.95537537354,286301.95537537354,,,
286487.41822542634,10,send_clear,286482.41822542634,286487.41822542634,,,
286848.0,4,send_clear,286843.0,286848.0,,,
287114.22829353396,5,send_clear,287109.22829353396,287114.22829353396,,,
287431.0,13,send_clear,287426.0,287431.0,,,
287819.0,0,send_clear,287814.0,287819.0,,,
288079.102669292,12,send_clear,288074.102669292,288079.102669292,,,
288311.4301249824,19,send_clear,288306.4301249824,288311.4301249824,,,
288507.4214155769,6,send_clear,288502.4214155769,288507.4214155769,,,
288673.34591745597,7,send_clear,288668.34591745597,288673.34591745597,,,
288820.8397851138,17,send_clear,288815.8397851138,288820.8397851138,,,
288960.5042514592,2,send_clear,288955.5042514592,288960.5042514592,,,
289097.4686678356,1,send_clear,289092.4686678356,289097.4686678356,,,
289232.4961058841,18,send_clear,289227.4961058841,289232.4961058841,,,
289364.86692901276,9,send_clear,289359.86692901276,289364.86692901276,,,
289496.046244561,3,send_clear,289491.046244561,289496.046244561,,,
290471.0,11,send_clear,290466.0,290471.0,,,
290729.6849548174,15,send_clear,290724.6849548174,290729.6849548174,,,
290957.4254438597,16,send_clear,290952.4254438597,290957.4254438597,,,
291147.2901750096,14,send_clear,291142.2901750096,291147.2901750096,,,
291307.7493153553,8,send_clear,291302.7493153553,291307.7493153553,,,
291491.9619799228,10,send_clear,291486.9619799228,291491.9619799228,,,
291848.0,4,send_clear,291843.0,291848.0,,,
292114.44407885725,5,send_clear,292109.44407885725,292114.44407885725,,,
292431.0,13,send_clear,292426.0,292431.0,,,
292819.0,0,send_clear,292814.0,292819.0,,,
293079.62473582744,12,send_clear,293074.62473582744,293079.62473582744,,,
293313.3670555246,19,send_clear,293308.3670555246,293313.3670555246,,,
293511.2458975743,6,send_clear,293506.2458975743,293511.2458975743,,,
293678.76811646187,7,send_clear,293673.76811646187,293678.76811646187,,,
293827.2634016812,17,send_clear,293822.2634016812,293827.2634016812,,,
293967.3694089703,2,send_clear,293962.3694089703,293967.3694089703,,,
294104.50699475,1,send_clear,294099.50699475,294104.50699475,,,
294239.881172224,18,send_clear,294234.881172224,294239.881172224,,,
294372.6285842958,9,send_clear,294367.6285842958,294372.6285842958,,,
294504.08556061174,3,send_clear,294499.08556061174,294504.08556061174,,,
295471.0,11,send_clear,295466.0,295471.0,,,
295730.2779070765,15,send_clear,295725.2779070765,295730.2779070765,,,
295959.5952670206,16,send_clear,295954.5952670206,295959.5952670206,,,
296151.4326296101,14,send_clear,296146.4326296101,296151.4326296101,,,
296313.46068106807,8,send_clear,296308.46068106807,296313.46068106807,,,
296496.56411498005,10,send_clear,296491.56411498005,296496.56411498005,,,
296848.0,4,send_clear,296843.0,296848.0,,,
297114.6490749144,5,send_clear,297109.6490749144,297114.6490749144,,,
297431.0,13,send_clear,297426.0,297431.0,,,
297819.0,0,send_clear,297814.0,297819.0,,,
298080.12069903605,12,send_clear,298075.12069903605,298080.12069903605,,,
298315.2319377002,19,send_clear,298310.2319377002,298315.2319377002,,,
298514.9723995806,6,send_clear,298509.9723995806,298514.9723995806,,,
298684.1055306178,7,send_clear,298679.1055306178,298684.1055306178,,,
298833.632708128,17,send_clear,298828.632708128,298833.632708128,,,
298974.20977392816,2,send_clear,298969.20977392816,298974.20977392816,,,
299111.5193337089,1,send_clear,299106.5193337089,299111.5193337089,,,
299247.2217288792,18,send_clear,299242.2217288792,299247.2217288792,,,
299380.3335921221,9,send_clear,299375.3335921221,299380.3335921221,,,
299512.07497018,3,send_clear,299507.07497018,299512.07497018,,,
300471.0,11,send_clear,300466.0,300471.0,,,
300730.8412117227,15,send_clear,300725.8412117227,300730.8412117227,,,
300961.68476425565,16,send_clear,300956.68476425565,300961.68476425565,,,
301155.4724363424,14,send_clear,301150.4724363424,301155.4724363424,,,
301319.0884688318,8,send_clear,301314.0884688318,301319.0884688318,,,
301501.2175326726,10,send_clear,301496.2175326726,301501.2175326726,,,
301848.0,4,send_clear,301843.0,301848.0,,,
302114.8438211687,5,send_clear,302109.8438211687,302114.8438211687,,,
302431.0,13,send_clear,302426.0,302431.0,,,
302819.0,0,send_clear,302814.0,302819.0,,,
303080.59186408424,12,send_clear,303075.59186408424,303080.59186408424,,,
303317.0271340194,19,send_clear,303312.0271340194,303317.0271340194,,,
303518.6023363025,6,send_clear,303513.6023363025,303518.6023363025,,,
303689.35757090204,7,send_clear,303684.35757090204,303689.35757090204,,,
303839.9461512667,17,send_clear,303834.9461512667,303839.9461512667,,,
303981.0237927951,2,send_clear,303976.0237927951,303981.0237927951,,,
304118.5217566632,1,send_clear,304113.5217566632,304118.5217566632,,,
304254.5203683044,18,send_clear,304249.5203683044,304254.5203683044,,,
304387.9849087469,9,send_clear,304382.9849087469,304387.9849087469,,,
304520.0146635193,3,send_clear,304515.0146635193,304520.0146635193,,,
305471.0,11,send_clear,305466.0,305471.0,,,
305731.37635113654,15,send_clear,305726.37635113654,305731.37635113654,,,
305963.6965435997,16,send_clear,305958.6965435997,305963.6965435997,,,
306159.4108417053,14,send_clear,306154.4108417053,306159.4108417053,,,
306324.6317874755,8,send_clear,306319.6317874755,306324.6317874755,,,
306505.91544541274,10,send_clear,306500.91544541274,306505.91544541274,,,
306848.0,4,send_clear,306843.0,306848.0,,,
307115.02883011027,5,send_clear,307110.02883011027,307115.02883011027,,,
307431.0,13,send_clear,307426.0,307431.0,,,
307819.0,0,send_clear,307814.0,307819.0,,,
308081.03947088006,12,send_clear,308076.03947088006,308081.03947088006,,,
308318.75495086244,19,send_clear,308313.75495086244,308318.75495086244,,,
308522.13716703054,6,send_clear,308517.13716703054,308522.13716703054,,,
308694.52375070844,7,send_clear,308689.52375070844,308694.52375070844,,,
308846.20223123877,17,send_clear,308841.20223123877,308846.20223123877,,,
308987.8099147173,2,send_clear,308982.8099147173,308987.8099147173,,,
309125.5133645659,1,send_clear,309120.5133645659,309125.5133645659,,,
309261.7793115721,18,send_clear,309256.7793115721,309261.7793115721,,,
309395.58527053957,9,send_clear,309390.58527053957,309395.58527053957,,,
309527.90505465283,3,send_clear,309522.90505465283,309527.90505465283,,,
310471.0,11,send_clear,310466.0,310471.0,,,
310731.8847335797,15,send_clear,310726.8847335797,310731.8847335797,,,
310965.6331530987,16,send_clear,310960.6331530987,310965.6331530987,,,
311163.24915727496,14,send_clear,311158.24915727496,311163.24915727496,,,
311330.08985596546,8,send_clear,311325.08985596546,311330.08985596546,,,
311510.6513659404,10,send_clear,311505.6513659404,311510.6513659404,,,
311848.0,4,send_clear,311843.0,311848.0,,,
312115.20458860474,5,send_clear,312110.20458860474,312115.20458860474,,,
312431.0,13,send_clear,312426.0,312431.0,,,
312819.0,0,send_clear,312814.0,312819.0,,,
313081.4646973361,12,send_clear,313076.4646973361,313081.4646973361,,,
313320.41763818613,19,send_clear,313315.41763818613,313320.41763818613,,,
313525.57839058834,6,send_clear,313520.57839058834,313525.57839058834,,,
313699.6036827024,7,send_clear,313694.6036827024,313699.6036827024,,,
313852.39950381196,17,send_clear,313847.39950381196,313852.39950381196,,,
313994.56659417204,2,send_clear,313989.56659417204,313994.56659417204,,,
314132.4932260462,1,send_clear,314127.4932260462,314132.4932260462,,,
314269.00044321927,18,send_clear,314264.00044321927,314269.00044321927,,,
314403.1371970601,9,send_clear,314398.1371970601,314403.1371970601,,,
314535.7467327301,3,send_clear,314530.7467327301,314535.7467327301,,,
315471.0,11,send_clear,315466.0,315471.0,,,
315732.36769690074,15,send_clear,315727.36769690074,315732.36769690074,,,
315967.49708028877,16,send_clear,315962.49708028877,315967.49708028877,,,
316166.98875342566,14,send_clear,316161.98875342566,316166.98875342566,,,
316335.4620008385,8,send_clear,316330.4620008385,316335.4620008385,,,
316515.4190976853,10,send_clear,316510.4190976853,316515.4190976853,,,
316848.0,4,send_clear,316843.0,316848.0,,,
317115.3715591745,5,send_clear,317110.3715591745,317115.3715591745,,,
317431.0,13,send_clear,317426.0,317431.0,,,
317819.0,0,send_clear,317814.0,317819.0,,,
318081.86866246926,12,send_clear,318076.86866246926,318081.86866246926,,,
318322.0173894003,19,send_clear,318317.0173894003,318322.0173894003,,,
318528.92754052894,6,send_clear,318523.92754052894,318528.92754052894,,,
318704.5970755937,7,send_clear,318699.5970755937,318704.5970755937,,,
318858.536582401,17,send_clear,318853.536582401,318858.536582401,,,
319001.2922935835,2,send_clear,318996.2922935835,319001.2922935835,,,
319139.46037942305,1,send_clear,319134.46037942305,319139.46037942305,,,
319276.18534292176,18,send_clear,319271.18534292176,319276.18534292176,,,
319410.64299551543,9,send_clear,319405.64299551543,319410.64299551543,,,
319543.5404198535,3,send_clear,319538.5404198535,319543.5404198535,,,
320471.0,11,send_clear,320466.0,320471.0,,,
320732.8265120557,15,send_clear,320727.8265120557,320732.8265120557,,,
320969.2907518771,16,send_clear,320964.2907518771,320969.2907518771,,,
321170.63105334825,14,send_clear,321165.63105334825,321170.63105334825,,,
321340.747653464,8,send_clear,321335.747653464,321340.747653464,,,
321520.21272547427,10,send_clear,321515.21272547427,321520.21272547427,,,
321848.0,4,send_clear,321843.0,321848.0,,,
322115.5301812158,5,send_clear,322110.5301812158,322115.5301812158,,,
322431.0,13,send_clear,322426.0,322431.0,,,
322819.0,0,send_clear,322814.0,322819.0,,,
323082.2524293458,12,send_clear,323077.2524293458,323082.2524293458,,,
323323.5563413976,19,send_clear,323318.5563413976,323323.5563413976,,,
323532.1861805724,6,send_clear,323527.1861805724,323532.1861805724,,,
323709.50373084267,7,send_clear,323704.50373084267,323709.50373084267,,,
323864.6121398231,17,send_clear,323859.6121398231,323864.6121398231,,,
324007.9854858955,2,send_clear,324002.9854858955,324007.9854858955,,,
324146.4138347467,1,send_clear,324141.4138347467,324146.4138347467,,,
324283.3353143043,18,send_clear,324278.3353143043,324283.3353143043,,,
324418.1047663184,9,send_clear,324413.1047663184,324418.1047663184,,,
324551.2869346632,3,send_clear,324546.2869346632,324551.2869346632,,,
325471.0,11,send_clear,325466.0,325471.0,,,
325733.26238645293,15,send_clear,325728.26238645293,325733.26238645293,,,
325971.0165336059,16,send_clear,325966.0165336059,325971.0165336059,,,
326174.17752736114,14,send_clear,326169.17752736114,326174.17752736114,,,
326345.9463471588,8,send_clear,326340.9463471588,326345.9463471588,,,
326525.0266065585,10,send_clear,326520.0266065585,326525.0266065585,,,
326848.0,4,send_clear,326843.0,326848.0,,,
327115.680872155,5,send_clear,327110.680872155,327115.680872155,,,
327431.0,13,send_clear,327426.0,327431.0,,,
327819.0,0,send_clear,327814.0,327819.0,,,
328082.6170078785,12,send_clear,328077.6170078785,328082.6170078785,,,
328325.0365747216,19,send_clear,328320.0365747216,328325.0365747216,,,
328535.3559002798,6,send_clear,328530.3559002798,328535.3559002798,,,
328714.3235393145,7,send_clear,328709.3235393145,328714.3235393145,,,
328870.6249097977,17,send_clear,328865.6249097977,328870.6249097977,,,
329014.6446570906,2,send_clear,329009.6446570906,329014.6446570906,,,
329153.3525758639,1,send_clear,329148.3525758639,329153.3525758639,,,
329290.4514111646,18,send_clear,329285.4514111646,329290.4514111646,,,
329425.52440951415,9,send_clear,329420.52440951415,329425.52440951415,,,
329558.9871610396,3,send_clear,329553.9871610396,329558.9871610396,,,
330471.0,11,send_clear,330466.0,330471.0,,,
330733.6764671303,15,send_clear,330728.6764671303,330733.6764671303,,,
330972.67673028214,16,send_clear,330967.67673028214,330972.67673028214,,,
331177.6296875072,14,send_clear,331172.6296875072,331177.6296875072,,,
331351.05771417625,8,send_clear,331346.05771417625,331351.05771417625,,,
331529.85536193935,10,send_clear,331524.85536193935,331529.85536193935,,,
331848.0,4,send_clear,331843.0,331848.0,,,
332115.8240285473,5,send_clear,332110.8240285473,332115.8240285473,,,
332431.0,13,send_clear,332426.0,332431.0,,,
332819.0,0,send_clear,332814.0,332819.0,,,
333082.96335748455,12,send_clear,333077.96335748455,333082.96335748455,,,
333326.4601138598,19,send_clear,333321.4601138598,333326.4601138598,,,
333538.43831095885,6,send_clear,333533.43831095885,333538.43831095885,,,
333719.0564778967,7,send_clear,333714.0564778967,333719.0564778967,,,
333876.57368820265,17,send_clear,333871.57368820265,333876.57368820265,,,
334021.2683086462,2,send_clear,334016.2683086462,334021.2683086462,,,
334160.275562503,1,send_clear,334155.275562503,334160.275562503,,,
334297.5344613619,18,send_clear,334292.5344613619,334297.5344613619,,,
334432.90363187355,9,send_clear,334427.90363187355,334432.90363187355,,,
334566.6420213466,3,send_clear,334561.6420213466,334566.6420213466,,,
335471.0,11,send_clear,335466.0,335471.0,,,
335734.0698437738,15,send_clear,335729.0698437738,335734.0698437738,,,
335974.2735859567,16,send_clear,335969.2735859567,335974.2735859567,,,
336180.9890824297,14,send_clear,336175.9890824297,336180.9890824297,,,
336356.0814825889,8,send_clear,336351.0814825889,336356.0814825889,,,
336534.69386797183,10,send_clear,336529.69386797183,336534.69386797183,,,
336848.0,4,send_clear,336843.0,336848.0,,,
337115.9600271199,5,send_clear,337110.9600271199,337115.9600271199,,,
337431.0,13,send_clear,337426.0,337431.0,,,
337819.0,0,send_clear,337814.0,337819.0,,,
338083.2923896103,12,send_clear,338078.2923896103,338083.2923896103,,,
338327.8289276473,19,send_clear,338322.8289276473,338327.8289276473,,,
338541.4350417933,6,send_clear,338536.4350417933,338541.4350417933,,,
338723.7026060915,7,send_clear,338718.7026060915,338723.7026060915,,,
338882.4573340971,17,send_clear,338877.4573340971,338882.4573340971,,,
339027.85495991877,2,send_clear,339022.85495991877,339027.85495991877,,,
339167.18173237384,1,send_clear,339162.18173237384,339167.18173237384,,,
339304.58508859394,18,send_clear,339299.58508859394,339304.58508859394,,,
339440.2439544833,9,send_clear,339435.2439544833,339440.2439544833,,,
339574.25245369767,3,send_clear,339569.25245369767,339574.25245369767,,,
340471.0,11,send_clear,340466.0,340471.0,,,
340734.4435515851,15,send_clear,340729.4435515851,340734.4435515851,,,
340975.80928423814,16,send_clear,340970.80928423814,340975.80928423814,,,
341184.2572925201,14,send_clear,341179.2572925201,341184.2572925201,,,
341361.01747308543,8,send_clear,341356.01747308543,341361.01747308543,,,
341539.5372482275,10,send_clear,341534.5372482275,341539.5372482275,,,
341848.0,4,send_clear,341843.0,341848.0,,,
342116.0892257639,5,send_clear,342111.0892257639,342116.0892257639,,,
342431.0,13,send_clear,342426.0,342431.0,,,
342819.0,0,send_clear,342814.0,342819.0,,,
343083.6049701298,12,send_clear,343078.6049701298,343083.6049701298,,,
343329.1449297714,19,send_clear,343324.1449297714,343329.1449297714,,,
343544.34773619217,6,send_clear,343539.34773619217,343544.34773619217,,,
343728.26206259656,7,send_clear,343723.26206259656,343728.26206259656,,,
343888.2747705221,17,send_clear,343883.2747705221,343888.2747705221,,,
344034.4031504489,2,send_clear,344029.4031504489,344034.4031504489,,,
344174.07000327756,1,send_clear,344169.07000327756,344174.07000327756,,,
344311.60373226623,18,send_clear,344306.60373226623,344311.60373226623,,,
344447.5467206902,9,send_clear,344442.5467206902,344447.5467206902,,,
344581.8193927793,3,send_clear,344576.8193927793,344581.8193927793,,,
345471.0,11,send_clear,345466.0,345471.0,,,
345734.79857400584,15,send_clear,345729.79857400584,345734.79857400584,,,
345977.2859487265,16,send_clear,345972.2859487265,345977.2859487265,,,
346187.4359253304,14,send_clear,346182.4359253304,346187.4359253304,,,
346365.86559569766,8,send_clear,346360.86559569766,346365.86559569766,,,
346544.380865601,10,send_clear,346539.380865601,346544.380865601,,,
346848.0,4,send_clear,346843.0,346848.0,,,
347116.21196447575,5,send_clear,347111.21196447575,347116.21196447575,,,
347431.0,13,send_clear,347426.0,347431.0,,,
347819.0,0,send_clear,347814.0,347819.0,,,
348083.90192162327,12,send_clear,348078.90192162327,348083.90192162327,,,
348330.409979364,19,send_clear,348325.409979364,348330.409979364,,,
348547.17804835073,6,send_clear,348542.17804835073,348547.17804835073,,,
348732.7350618843,7,send_clear,348727.7350618843,348732.7350618843,,,
348894.0249850902,17,send_clear,348889.0249850902,348894.0249850902,,,
349040.911442181,2,send_clear,349035.911442181,349040.911442181,,,
349180.9392752227,1,send_clear,349175.9392752227,349180.9392752227,,,
349318.5977094141,18,send_clear,349313.5977094141,349318.5977094141,,,
349454.8134564667,9,send_clear,349449.8134564667,349454.8134564667,,,
349589.3441060038,3,send_clear,349584.3441060038,349589.3441060038,,,
350471.0,11,send_clear,350466.0,350471.0,,,
350735.1358453055,15,send_clear,350730.1358453055,350735.1358453055,,,
350978.7056435555,16,send_clear,350973.7056435555,350978.7056435555,,,
351190.5266112416,14,send_clear,351185.5266112416,351190.5266112416,,,
351370.62584647484,8,send_clear,351365.62584647484,351370.62584647484,,,
351549.2203146447,10,send_clear,351544.2203146447,351549.2203146447,,,
351848.0,4,send_clear,351843.0,351848.0,,,
352116.32856625196,5,send_clear,352111.32856625196,352116.32856625196,,,
352431.0,13,send_clear,352426.0,352431.0,,,
352819.0,0,send_clear,352814.0,352819.0,,,
353084.1840255421,12,send_clear,353079.1840255421,353084.1840255421,,,
353331.62588167295,19,send_clear,353326.62588167295,353331.62588167295,,,
353549.92764001683,6,send_clear,353544.92764001683,353549.92764001683,,,
353737.1218907909,7,send_clear,353732.1218907909,353737.1218907909,,,
353899.7070303752,17,send_clear,353894.7070303752,353899.7070303752,,,
354047.37842159066,2,send_clear,354042.37842159066,354047.37842159066,,,
354187.7884325411,1,send_clear,354182.7884325411,354187.7884325411,,,
354325.5844455704,18,send_clear,354320.5844455704,354325.5844455704,,,
354462.0463572854,9,send_clear,354457.0463572854,354462.0463572854,,,
354596.8286746973,3,send_clear,354591.8286746973,354596.8286746973,,,
355471.0,11,send_clear,355466.0,355471.0,,,
355735.45625304023,15,send_clear,355730.45625304023,355735.45625304023,,,
355980.07037402975,16,send_clear,355975.07037402975,355980.07037402975,,,
356193.53099938104,14,send_clear,356188.53099938104,356193.53099938104,,,
356375.29830412014,8,send_clear,356370.29830412014,356375.29830412014,,,
356554.05141411844,10,send_clear,356549.05141411844,356554.05141411844,,,
356848.0,4,send_clear,356843.0,356848.0,,,
357116.4393379394,5,send_clear,357111.4393379394,357116.4393379394,,,
357431.0,13,send_clear,357426.0,357431.0,,,
357819.0,0,send_clear,357814.0,357819.0,,,
358084.452024265,12,send_clear,358079.452024265,358084.452024265,,,
358332.79438880255,19,send_clear,358327.79438880255,358332.79438880255,,,
358552.5981774561,6,send_clear,358547.5981774561,358552.5981774561,,,
358741.42290512414,7,send_clear,358736.42290512414,358741.42290512414,,,
358905.32002411265,17,send_clear,358900.32002411265,358905.32002411265,,,
359053.8027017168,2,send_clear,359048.8027017168,359053.8027017168,,,
359194.61634599994,1,send_clear,359189.61634599994,359194.61634599994,,,
359332.5632405919,18,send_clear,359327.5632405919,359332.5632405919,,,
359469.24731591466,9,send_clear,359464.24731591466,359469.24731591466,,,
359604.2750386382,3,send_clear,359599.2750386382,359604.2750386382,,,
360471.0,11,send_clear,360466.0,360471.0,,,
360735.76064038824,15,send_clear,360730.76064038824,360735.76064038824,,,
360981.3820873477,16,send_clear,360976.3820873477,360981.3820873477,,,
361196.4507537794,14,send_clear,361191.4507537794,361196.4507537794,,,
361379.8831266031,8,send_clear,361374.8831266031,361379.8831266031,,,
361558.87019974267,10,send_clear,361553.87019974267,361558.87019974267,,,
361848.0,4,send_clear,361843.0,361848.0,,,
362116.5445710424,5,send_clear,362111.5445710424,362116.5445710424,,,
362431.0,13,send_clear,362426.0,362431.0,,,
362819.0,0,send_clear,362814.0,362819.0,,,
363084.7066230518,12,send_clear,363079.7066230518,363084.7066230518,,,
363333.917200515,19,send_clear,363328.917200515,363333.917200515,,,
363555.1913286091,6,send_clear,363550.1913286091,363555.1913286091,,,
363745.6385262984,7,send_clear,363740.6385262984,363745.6385262984,,,
363910.8631492219,17,send_clear,363905.8631492219,363910.8631492219,,,
364060.18292409205,2,send_clear,364055.18292409205,364060.18292409205,,,
364201.42187490454,1,send_clear,364196.42187490454,364201.42187490454,,,
364339.53337230755,18,send_clear,364334.53337230755,364339.53337230755,,,
364476.41795028636,9,send_clear,364471.41795028636,364476.41795028636,,,
364611.6849950699,3,send_clear,364606.6849950699,364611.6849950699,,,
365471.0,11,send_clear,365466.0,365471.0,,,
365736.04980836884,15,send_clear,365731.04980836884,365736.04980836884,,,
365982.6426733987,16,send_clear,365977.6426733987,365982.6426733987,,,
366199.28754976037,14,send_clear,366194.28754976037,366199.28754976037,,,
366384.3805477609,8,send_clear,366379.3805477609,366384.3805477609,,,
366563.67291714356,10,send_clear,366558.67291714356,366563.67291714356,,,
366848.0,4,send_clear,366843.0,366848.0,,,
367116.6445424903,5,send_clear,367111.6445424903,367116.6445424903,,,
367431.0,13,send_clear,367426.0,367431.0,,,
367819.0,0,send_clear,367814.0,367819.0,,,
368084.9484918992,12,send_clear,368079.9484918992,368084.9484918992,,,
368334.9959650842,19,send_clear,368329.9959650842,368334.9959650842,,,
368557.70876043284,6,send_clear,368552.70876043284,368557.70876043284,,,
368749.7692380051,7,send_clear,368744.7692380051,368749.7692380051,,,
368916.3356536611,17,send_clear,368911.3356536611,368916.3356536611,,,
369066.5177605705,2,send_clear,369061.5177605705,369066.5177605705,,,
369208.20386918786,1,send_clear,369203.20386918786,369208.20386918786,,,
369346.49409715156,18,send_clear,369341.49409715156,369346.49409715156,,,
369483.55962877744,9,send_clear,369478.55962877744,369483.55962877744,,,
369619.0601991042,3,send_clear,369614.0601991042,369619.0601991042,,,
370471.0,11,send_clear,370466.0,370471.0,,,
370736.3245179504,15,send_clear,370731.3245179504,370736.3245179504,,,
370983.85396562633,16,send_clear,370978.85396562633,370983.85396562633,,,
371202.0430705537,14,send_clear,371197.0430705537,371202.0430705537,,,
371388.7908739006,8,send_clear,371383.7908739006,371388.7908739006,,,
371568.45601498144,10,send_clear,371563.45601498144,371568.45601498144,,,
371848.0,4,send_clear,371843.0,371848.0,,,
372116.7395153658,5,send_clear,372111.7395153658,372116.7395153658,,,
372431.0,13,send_clear,372426.0,372431.0,,,
372819.0,0,send_clear,372814.0,372819.0,,,
373085.1782673042,12,send_clear,373080.1782673042,373085.1782673042,,,
373336.03228019516,19,send_clear,373331.03228019516,373336.03228019516,,,
373560.15213642095,6,send_clear,373555.15213642095,373560.15213642095,,,
373753.8155829259,7,send_clear,373748.8155829259,373753.8155829259,,,
373921.7368501244,17,send_clear,373916.7368501244,373921.7368501244,,,
374072.80591504823,2,send_clear,374067.80591504823,374072.80591504823,,,
374214.9611714809,1,send_clear,374209.9611714809,374214.9611714809,,,
374353.444650868,18,send_clear,374348.444650868,374353.444650868,,,
374490.6734931604,9,send_clear,374485.6734931604,374490.6734931604,,,
374626.40216526575,3,send_clear,374621.40216526575,374626.40216526575,,,
375471.0,11,send_clear,375466.0,375471.0,,,
375736.5854920529,15,send_clear,375731.5854920529,375736.5854920529,,,
375985.01774194767,16,send_clear,375980.01774194767,375985.01774194767,,,
376204.71900412336,14,send_clear,376199.71900412336,376204.71900412336,,,
376393.1144804117,8,send_clear,376388.1144804117,376393.1144804117,,,
376573.21613825293,10,send_clear,376568.21613825293,376573.21613825293,,,
376848.0,4,send_clear,376843.0,376848.0,,,
377116.8297395975,5,send_clear,377111.8297395975,377116.8297395975,,,
377431.0,13,send_clear,377426.0,377431.0,,,
377819.0,0,send_clear,377814.0,377819.0,,,
378085.396553939,12,send_clear,378080.396553939,378085.396553939,,,
378337.02769388235,19,send_clear,378332.02769388235,378337.02769388235,,,
378562.52311429405,6,send_clear,378557.52311429405,378562.52311429405,,,
378757.77815949434,7,send_clear,378752.77815949434,378757.77815949434,,,
378927.0661155929,17,send_clear,378922.0661155929,378927.0661155929,,,
379079.0461250755,2,send_clear,379074.0461250755,379079.0461250755,,,
379221.69261916063,1,send_clear,379216.69261916063,379221.69261916063,,,
379360.38424928265,18,send_clear,379355.38424928265,379360.38424928265,,,
379497.7604794515,9,send_clear,379492.7604794515,379497.7604794515,,,
379633.71226996585,3,send_clear,379628.71226996585,379633.71226996585,,,
380471.0,11,send_clear,380466.0,380471.0,,,
380736.83341745025,15,send_clear,380731.83341745025,380736.83341745025,,,
380986.1357257228,16,send_clear,380981.1357257228,380986.1357257228,,,
381207.3170402033,14,send_clear,381202.3170402033,381207.3170402033,,,
381397.3518084013,8,send_clear,381392.3518084013,381397.3518084013,,,
381577.95012176037,10,send_clear,381572.95012176037,381577.95012176037,,,
381848.024706088,4,send_clear,381843.024706088,381848.024706088,,,
382116.916687922,5,send_clear,382111.916687922,382116.916687922,,,
382431.0,13,send_clear,382426.0,382431.0,,,
382819.0,0,send_clear,382814.0,382819.0,,,
383085.60392624204,12,send_clear,383080.60392624204,383085.60392624204,,,
383337.9837055003,19,send_clear,383332.9837055003,383337.9837055003,,,
383564.82334385434,6,send_clear,383559.82334385434,383564.82334385434,,,
383761.65761871234,7,send_clear,383756.65761871234,383761.65761871234,,,
383932.32289074885,17,send_clear,383927.32289074885,383932.32289074885,,,
384085.2371633592,2,send_clear,384080.2371633592,384085.2371633592,,,
384228.39704637055,1,send_clear,384223.39704637055,384228.39704637055,,,
384367.31208913703,18,send_clear,384362.31208913703,384367.31208913703,,,
384504.82133686444,9,send_clear,384499.82133686444,384504.82133686444,,,
384640.9917547214,3,send_clear,384635.9917547214,384640.9917547214,,,
385471.0,11,send_clear,385466.0,385471.0,,,
385737.0689465777,15,send_clear,385732.0689465777,385737.0689465777,,,
385987.20958676556,16,send_clear,385982.20958676556,385987.20958676556,,,
386209.83886753145,14,send_clear,386204.83886753145,386209.83886753145,,,
386401.5033613578,8,send_clear,386396.5033613578,386401.5033613578,,,
386582.65498374024,10,send_clear,386577.65498374024,386582.65498374024,,,
386848.2834199706,4,send_clear,386843.2834199706,386848.2834199706,,,
387117.01222452446,5,send_clear,387112.01222452446,387117.01222452446,,,
387431.0,13,send_clear,387426.0,387431.0,,,
387819.0,0,send_clear,387814.0,387819.0,,,
388085.80092992994,12,send_clear,388080.80092992994,388085.80092992994,,,
388338.9017667218,19,send_clear,388333.9017667218,388338.9017667218,,,
388567.0544649977,6,send_clear,388562.0544649977,388567.0544649977,,,
388765.4546610266,7,send_clear,388760.4546610266,388765.4546610266,,,
388937.50667926273,17,send_clear,388932.50667926273,388937.50667926273,,,
389091.37783915433,2,send_clear,389086.37783915433,389091.37783915433,,,
389235.0732860097,1,send_clear,389230.0732860097,389235.0732860097,,,
389374.22734898067,18,send_clear,389369.22734898067,389374.22734898067,,,
389511.85664505465,9,send_clear,389506.85664505465,389511.85664505465,,,
389648.2417299654,3,send_clear,389643.2417299654,389648.2417299654,,,
390471.0,11,send_clear,390466.0,390471.0,,,
390737.2926992488,15,send_clear,390732.2926992488,390737.2926992488,,,
390988.2409423897,16,send_clear,390983.2409423897,390988.2409423897,,,
391212.2861712744,14,send_clear,391207.2861712744,391212.2861712744,,,
391405.5697018536,8,send_clear,391400.5697018536,391405.5697018536,,,
391587.32791964593,10,send_clear,391582.32791964593,391587.32791964593,,,
391848.7628449544,4,send_clear,391843.7628449544,391848.7628449544,,,
392117.126955546,5,send_clear,392112.126955546,392117.126955546,,,
392431.0,13,send_clear,392426.0,392431.0,,,
392819.0,0,send_clear,392814.0,392819.0,,,
393085.9880834335,12,send_clear,393080.9880834335,393085.9880834335,,,
393339.7832825574,19,send_clear,393334.7832825574,393339.7832825574,,,
393569.2181058757,6,send_clear,393564.2181058757,393569.2181058757,,,
393769.17003326904,7,send_clear,393764.17003326904,393769.17003326904,,,
393942.6170469631,17,send_clear,393937.6170469631,393942.6170469631,,,
394097.46699954476,2,send_clear,394092.46699954476,394097.46699954476,,,
394241.7201716865,1,send_clear,394236.7201716865,394241.7201716865,,,
394381.12919011596,18,send_clear,394376.12919011596,394381.12919011596,,,
394518.8668298227,9,send_clear,394513.8668298227,394518.8668298227,,,
394655.4631793154,3,send_clear,394650.4631793154,394655.4631793154,,,
395471.0,11,send_clear,395466.0,395471.0,,,
395737.50526428636,15,send_clear,395732.50526428636,395737.50526428636,,,
395989.23135848454,16,send_clear,395984.23135848454,395989.23135848454,,,
396214.66063063487,14,send_clear,396209.66063063487,396214.66063063487,,,
396409.5514482927,8,send_clear,396404.5514482927,396409.5514482927,,,
396591.9662960783,10,send_clear,396586.9662960783,396591.9662960783,,,
396849.4502175106,4,send_clear,396844.4502175106,396849.4502175106,,,
397117.2703186442,5,send_clear,397112.2703186442,397117.2703186442,,,
397431.0,13,send_clear,397426.0,397431.0,,,
397819.0,0,send_clear,397814.0,397819.0,,,
398086.1658792618,12,send_clear,398081.1658792618,398086.1658792618,,,
398340.62961239263,19,send_clear,398335.62961239263,398340.62961239263,,,
398571.31588120153,6,send_clear,398566.31588120153,398571.31588120153,,,
398772.80452566565,7,send_clear,398767.80452566565,398772.80452566565,,,
398947.6536208982,17,send_clear,398942.6536208982,398947.6536208982,,,
399103.50353061245,2,send_clear,399098.50353061245,399103.50353061245,,,
399248.3365396328,1,send_clear,399243.3365396328,399248.3365396328,,,
399388.0167575918,18,send_clear,399383.0167575918,399388.0167575918,,,
399525.85217742715,9,send_clear,399520.85217742715,399525.85217742715,,,
399662.65696418914,3,send_clear,399657.65696418914,399662.65696418914,,,
400471.0,11,send_clear,400466.0,400471.0,,,
400737.707201072,15,send_clear,400732.707201072,400737.707201072,,,
400990.18235061393,16,send_clear,400985.18235061393,400990.18235061393,,,
401216.9639166338,14,send_clear,401211.9639166338,401216.9639166338,,,
401413.4492717097,8,send_clear,401408.4492717097,401413.4492717097,,,
401596.56764485984,10,send_clear,401591.56764485984,401596.56764485984,,,
401850.333288878,4,send_clear,401845.333288878,401850.333288878,,,
402117.45066715585,5,send_clear,402112.45066715585,402117.45066715585,,,
402431.0,13,send_clear,402426.0,402431.0,,,
402819.0,0,send_clear,402814.0,402819.0,,,
403086.3347852987,12,send_clear,403081.3347852987,403086.3347852987,,,
403341.44207103795,19,send_clear,403336.44207103795,403341.44207103795,,,
403573.34939069336,6,send_clear,403568.34939069336,403573.34939069336,,,
403776.35896891705,7,send_clear,403771.35896891705,403776.35896891705,,,
403952.61608829914,17,send_clear,403947.61608829914,403952.61608829914,,,
404109.48635849677,2,send_clear,404104.48635849677,404109.48635849677,,,
404254.921230576,1,send_clear,404249.921230576,404254.921230576,,,
404394.889181241,18,send_clear,404389.889181241,404394.889181241,,,
404532.83122761786,9,send_clear,404527.83122761786,404532.83122761786,,,
404669.82474767056,3,send_clear,404664.82474767056,404669.82474767056,,,
405471.0,11,send_clear,405466.0,405471.0,,,
405737.8990410184,15,send_clear,405732.8990410184,405737.8990410184,,,
405991.09538513416,16,send_clear,405986.09538513416,405991.09538513416,,,
406219.19769005885,14,send_clear,406214.19769005885,406219.19769005885,,,
406417.26389262715,8,send_clear,406412.26389262715,406417.26389262715,,,
406601.1296572482,10,send_clear,406596.1296572482,406601.1296572482,,,
406851.40030729654,4,send_clear,406846.40030729654,406851.40030729654,,,
407117.6753491629,5,send_clear,407112.6753491629,407117.6753491629,,,
407431.0,13,send_clear,407426.0,407431.0,,,
407819.0,0,send_clear,407814.0,407819.0,,,
408086.49524603377,12,send_clear,408081.49524603377,408086.49524603377,,,
408342.2219297877,19,send_clear,408337.2219297877,408342.2219297877,,,
408575.32021764806,6,send_clear,408570.32021764806,408575.32021764806,,,
408779.8342313536,7,send_clear,408774.8342313536,408779.8342313536,,,
408957.50419545185,17,send_clear,408952.50419545185,408957.50419545185,,,
409115.4144503445,2,send_clear,409110.4144503445,409115.4144503445,,,
409261.47309156443,1,send_clear,409256.47309156443,409261.47309156443,,,
409401.7455767572,18,send_clear,409396.7455767572,409401.7455767572,,,
409539.8041450748,9,send_clear,409534.8041450748,409539.8041450748,,,
409676.9679969224,3,send_clear,409671.9679969224,409676.9679969224,,,
410471.0,11,send_clear,410466.0,410471.0,,,
410738.08128896746,15,send_clear,410733.08128896746,410738.08128896746,,,
410991.9718803258,16,send_clear,410986.9718803258,410991.9718803258,,,
411221.3635995722,14,send_clear,411216.3635995722,411221.3635995722,,,
411420.9960779744,8,send_clear,411415.9960779744,411420.9960779744,,,
411605.6501782845,10,send_clear,411600.6501782845,411605.6501782845,,,
411852.64000084595,4,send_clear,411847.64000084595,411852.64000084595,,,
412117.95078174706,5,send_clear,412112.95078174706,412117.95078174706,,,
412431.0,13,send_clear,412426.0,412431.0,,,
412819.0,0,send_clear,412814.0,412819.0,,,
413086.6476837321,12,send_clear,413081.6476837321,413086.6476837321,,,
413342.97041748493,19,send_clear,413337.97041748493,413342.97041748493,,,
413577.2299276399,6,send_clear,413572.2299276399,413577.2299276399,,,
413783.2312161679,7,send_clear,413778.2312161679,413783.2312161679,,,
413962.3177464877,17,send_clear,413957.3177464877,413962.3177464877,,,
414121.2868151517,2,send_clear,414116.2868151517,414121.2868151517,,,
414267.9909777438,1,send_clear,414262.9909777438,414267.9909777438,,,
414408.5850468065,18,send_clear,414403.5850468065,414408.5850468065,,,
414546.7703901614,9,send_clear,414541.7703901614,414546.7703901614,,,
414684.0879664538,3,send_clear,414679.0879664538,414684.0879664538,,,
415471.0,11,send_clear,415466.0,415471.0,,,
415738.2544245191,15,send_clear,415733.2544245191,415738.2544245191,,,
415992.8132075355,16,send_clear,415987.8132075355,415992.8132075355,,,
416223.4632799704,14,send_clear,416218.4632799704,416223.4632799704,,,
416424.6466380742,8,send_clear,416419.6466380742,416424.6466380742,,,
416610.127201274,10,send_clear,416605.127201274,416610.127201274,,,
416854.04156086734,4,send_clear,416849.04156086734,416854.04156086734,,,
417118.2825207031,5,send_clear,417113.2825207031,417118.2825207031,,,
417431.0,13,send_clear,417426.0,417431.0,,,
417819.0,0,send_clear,417814.0,417819.0,,,
418086.7924995455,12,send_clear,418081.7924995455,418086.7924995455,,,
418343.68872158794,19,send_clear,418338.68872158794,418343.68872158794,,,
418579.08006733726,6,send_clear,418574.08006733726,418579.08006733726,,,
418786.5508587264,7,send_clear,418781.5508587264,418786.5508587264,,,
418967.0566020996,17,send_clear,418962.0566020996,418967.0566020996,,,
419127.1025044991,2,send_clear,419122.1025044991,419127.1025044991,,,
419274.4737540816,1,send_clear,419269.4737540816,419274.4737540816,,,
419415.4066821702,18,send_clear,419410.4066821702,419415.4066821702,,,
419553.7294047618,9,send_clear,419548.7294047618,419553.7294047618,,,
419691.18571736576,3,send_clear,419686.18571736576,419691.18571736576,,,
420471.0,11,send_clear,420466.0,420471.0,,,
420738.41890329315,15,send_clear,420733.41890329315,420738.41890329315,,,
420993.62069232337,16,send_clear,420988.62069232337,420993.62069232337,,,
421225.498350588,14,send_clear,421220.498350588,421225.498350588,,,
421428.21642369987,8,send_clear,421423.21642369987,421428.21642369987,,,
421614.5588623953,10,send_clear,421609.5588623953,421614.5588623953,,,
421855.59462594375,4,send_clear,421850.59462594375,421855.59462594375,,,
422118.67532596516,5,send_clear,422113.67532596516,422118.67532596516,,,
422431.0,13,send_clear,422426.0,422431.0,,,
422819.0,0,send_clear,422814.0,422819.0,,,
423086.9300745682,12,send_clear,423081.9300745682,423086.9300745682,,,
423344.37798923696,19,send_clear,423339.37798923696,423344.37798923696,,,
423580.87216343224,6,send_clear,423575.87216343224,423580.87216343224,,,
423789.79412396165,7,send_clear,423784.79412396165,423789.79412396165,,,
423971.72067819274,17,send_clear,423966.72067819274,423971.72067819274,,,
424132.86061318376,2,send_clear,424127.86061318376,424132.86061318376,,,
424280.9202970367,1,send_clear,424275.9202970367,424280.9202970367,,,
424422.2095629136,18,send_clear,424417.2095629136,424422.2095629136,,,
424560.6806126694,9,send_clear,424555.6806126694,424560.6806126694,,,
424698.2621347945,3,send_clear,424693.2621347945,424698.2621347945,,,
425471.0,11,send_clear,425466.0,425471.0,,,
425738.5751581285,15,send_clear,425733.5751581285,425738.5751581285,,,
425994.3956156136,16,send_clear,425989.3956156136,425994.3956156136,,,
426227.4704138393,14,send_clear,426222.4704138393,426227.4704138393,,,
426431.70632320683,8,send_clear,426426.70632320683,426431.70632320683,,,
426618.9434354359,10,send_clear,426613.9434354359,426618.9434354359,,,
426857.2892664184,4,send_clear,426852.2892664184,426857.2892664184,,,
427119.1332229878,5,send_clear,427114.1332229878,427119.1332229878,,,
427431.0,13,send_clear,427426.0,427431.0,,,
427819.0,0,send_clear,427814.0,427819.0,,,
428087.0607708398,12,send_clear,428082.0607708398,428087.0607708398,,,
428345.0393283171,19,send_clear,428340.0393283171,428345.0393283171,,,
428582.60772167647,6,send_clear,428577.60772167647,428582.60772167647,,,
428792.9620038474,7,send_clear,428787.9620038474,428792.9620038474,,,
428976.3099444755,17,send_clear,428971.3099444755,428976.3099444755,,,
429138.56027974834,2,send_clear,429133.56027974834,429138.56027974834,,,
429287.32949617226,1,send_clear,429282.32949617226,429287.32949617226,,,
429428.99275957653,18,send_clear,429423.99275957653,429428.99275957653,,,
429567.62342001474,9,send_clear,429562.62342001474,429567.62342001474,,,
429705.31794373266,3,send_clear,429700.31794373266,429705.31794373266,,,
430471.0,11,send_clear,430466.0,430471.0,,,
430738.7236002221,15,send_clear,430733.7236002221,430738.7236002221,,,
430995.13921484404,16,send_clear,430990.13921484404,430995.13921484404,,,
431229.3810538896,14,send_clear,431224.3810538896,431229.3810538896,,,
431435.11725974095,8,send_clear,431430.11725974095,431435.11725974095,,,
431623.2793266511,10,send_clear,431618.2793266511,431623.2793266511,,,
431859.11596943,4,send_clear,431854.11596943,431859.11596943,,,
432119.65956030996,5,send_clear,432114.65956030996,432119.65956030996,,,
432431.0,13,send_clear,432426.0,432431.0,,,
432819.0,0,send_clear,432814.0,432819.0,,,
433087.1849322978,12,send_clear,433082.1849322978,433087.1849322978,,,
433345.6738085161,19,send_clear,433340.6738085161,433345.6738085161,,,
433584.2882260184,6,send_clear,433579.2882260184,433584.2882260184,,,
433796.05551495595,7,send_clear,433791.05551495595,433796.05551495595,,,
433980.8244229995,17,send_clear,433975.8244229995,433980.8244229995,,,
434144.2006869109,2,send_clear,434139.2006869109,434144.2006869109,,,
434293.7002557092,1,send_clear,434288.7002557092,434293.7002557092,,,
434435.75533438317,18,send_clear,434430.75533438317,434435.75533438317,,,
434574.55721573316,9,send_clear,434569.55721573316,434574.55721573316,,,
434712.35372338863,3,send_clear,434707.35372338863,434712.35372338863,,,
435471.0,11,send_clear,435466.0,435471.0,,,
435738.864620211,15,send_clear,435733.864620211,435738.864620211,,,
435995.8526851124,16,send_clear,435990.8526851124,435995.8526851124,,,
436231.23183545074,14,send_clear,436226.23183545074,436231.23183545074,,,
436438.4501885264,8,send_clear,436433.4501885264,436438.4501885264,,,
436627.5650697449,10,send_clear,436622.5650697449,436627.5650697449,,,
436861.06562444574,4,send_clear,436856.06562444574,436861.06562444574,,,
437120.25706351676,5,send_clear,437115.25706351676,437120.25706351676,,,
437431.0,13,send_clear,437426.0,437431.0,,,
437819.0,0,send_clear,437814.0,437819.0,,,
438087.3028856829,12,send_clear,438082.3028856829,438087.3028856829,,,
438346.2824623745,19,send_clear,438341.2824623745,438346.2824623745,,,
438585.91513783624,6,send_clear,438580.91513783624,438585.91513783624,,,
438799.07569609996,7,send_clear,438794.07569609996,438799.07569609996,,,
438985.26418665453,17,send_clear,438980.26418665453,438985.26418665453,,,
439149.78106189804,2,send_clear,439144.78106189804,439149.78106189804,,,
439300.03149601864,1,send_clear,439295.03149601864,439300.03149601864,,,
439442.49634246493,18,send_clear,439437.49634246493,439442.49634246493,,,
439581.48137206974,9,send_clear,439576.48137206974,439581.48137206974,,,
439719.36992022884,3,send_clear,439714.36992022884,439719.36992022884,,,
440471.0,11,send_clear,440466.0,440471.0,,,
440738.99858920043,15,send_clear,440733.99858920043,440738.99858920043,,,
440996.5371803168,16,send_clear,440991.5371803168,440996.5371803168,,,
441233.0243026941,14,send_clear,441228.0243026941,441233.0243026941,,,
441441.7060942348,8,send_clear,441436.7060942348,441441.7060942348,,,
441631.7993209694,10,send_clear,441626.7993209694,441631.7993209694,,,
441863.12950927194,4,send_clear,441858.12950927194,441863.12950927194,,,
442120.9278858045,5,send_clear,442115.9278858045,442120.9278858045,,,
442431.0,13,send_clear,442426.0,442431.0,,,
442819.0,0,send_clear,442814.0,442819.0,,,
443087.4149413988,12,send_clear,443082.4149413988,443087.4149413988,,,
443346.8662863257,19,send_clear,443341.8662863257,443346.8662863257,,,
443587.4898952607,6,send_clear,443582.4898952607,443587.4898952607,,,
443802.023606058,7,send_clear,443797.023606058,443802.023606058,,,
443989.6293576247,17,send_clear,443984.6293576247,443989.6293576247,,,
444155.30067668436,2,send_clear,444150.30067668436,444155.30067668436,,,
444306.3221550519,1,send_clear,444301.3221550519,444306.3221550519,,,
444449.2148330943,18,send_clear,444444.2148330943,444449.2148330943,,,
444588.395245121,9,send_clear,444583.395245121,444588.395245121,,,
444726.3668598346,3,send_clear,444721.3668598346,444726.3668598346,,,
445471.0,11,send_clear,445466.0,445471.0,,,
445739.1258597404,15,send_clear,445734.1258597404,445739.1258597404,,,
445997.193814288,16,send_clear,445992.193814288,445997.193814288,,,
446234.75997827377,14,send_clear,446229.75997827377,446234.75997827377,,,
446444.8859884367,8,send_clear,446439.8859884367,446444.8859884367,,,
446635.98085434275,10,send_clear,446630.98085434275,446635.98085434275,,,
446865.2992765255,4,send_clear,446860.2992765255,446865.2992765255,,,
447121.67365534056,5,send_clear,447116.67365534056,447121.67365534056,,,
447431.0,13,send_clear,447426.0,447431.0,,,
447819.0,0,send_clear,447814.0,447819.0,,,
448087.52139432885,12,send_clear,448082.52139432885,448087.52139432885,,,
448347.42624172586,19,send_clear,448342.42624172586,448347.42624172586,,,
448589.013912584,6,send_clear,448584.013912584,448589.013912584,,,
448804.90032138425,7,send_clear,448799.90032138425,448804.90032138425,,,
448993.92010581266,17,send_clear,448988.92010581266,448993.92010581266,,,
449160.7588481408,2,send_clear,449155.7588481408,449160.7588481408,,,
449312.5711897064,1,send_clear,449307.5711897064,449312.5711897064,,,
449455.90985092486,18,send_clear,449450.90985092486,449455.90985092486,,,
449595.2981754112,9,send_clear,449590.2981754112,449595.2981754112,,,
449733.3447576902,3,send_clear,449728.3447576902,449733.3447576902,,,
450471.0,11,send_clear,450466.0,450471.0,,,
450739.2467667534,15,send_clear,450734.2467667534,450739.2467667534,,,
450997.8236619113,16,send_clear,450992.8236619113,450997.8236619113,,,
451236.4403624557,14,send_clear,451231.4403624557,451236.4403624557,,,
451447.99090713763,8,send_clear,451442.99090713763,451447.99090713763,,,
451640.1085569825,10,send_clear,451635.1085569825,451640.1085569825,,,
451867.56694054836,4,send_clear,451862.56694054836,451867.56694054836,,,
452122.4955196009,5,send_clear,452117.4955196009,452122.4955196009,,,
452431.0,13,send_clear,452426.0,452431.0,,,
452819.0,0,send_clear,452814.0,452819.0,,,
453087.6225246124,12,send_clear,453082.6225246124,453087.6225246124,,,
453347.96325587016,19,send_clear,453342.96325587016,453347.96325587016,,,
453590.4885797483,6,send_clear,453585.4885797483,453590.4885797483,,,
453807.70693430246,7,send_clear,453802.70693430246,453807.70693430246,,,
453998.1366472372,17,send_clear,453993.1366472372,453998.1366472372,,,
454166.1549380956,2,send_clear,454161.1549380956,454166.1549380956,,,
454318.7775771259,1,send_clear,454313.7775771259,454318.7775771259,,,
454462.5804372349,18,send_clear,454457.5804372349,454462.5804372349,,,
454602.1894885024,9,send_clear,454597.1894885024,454602.1894885024,,,
454740.3141942308,3,send_clear,454735.3141942308,454740.3141942308,,,
455471.0,11,send_clear,455466.0,455471.0,,,
455739.3616284157,15,send_clear,455734.3616284157,455739.3616284157,,,
455998.42776023655,16,send_clear,455993.42776023655,455998.42776023655,,,
456238.0669323447,14,send_clear,456233.0669323447,456238.0669323447,,,
456451.02190839796,8,send_clear,456446.02190839796,456451.02190839796,,,
456644.1814245533,10,send_clear,456639.1814245533,456644.1814245533,,,
456869.9248647486,4,send_clear,456864.9248647486,456869.9248647486,,,
457123.3941868583,5,send_clear,457118.3941868583,457123.3941868583,,,
457431.0,13,send_clear,457426.0,457431.0,,,
457819.0,0,send_clear,457814.0,457819.0,,,
458087.7185983818,12,send_clear,458082.7185983818,458087.7185983818,,,
458348.47822299576,19,send_clear,458343.47822299576,458348.47822299576,,,
458591.9152619107,6,send_clear,458586.9152619107,458591.9152619107,,,
458810.44455068285,7,send_clear,458805.44455068285,458810.44455068285,,,
459002.27924240945,17,send_clear,458997.27924240945,459002.27924240945,,,
459171.4883533113,2,send_clear,459166.4883533113,459171.4883533113,,,
459324.9403159351,1,send_clear,459319.9403159351,459324.9403159351,,,
459469.2256311699,18,send_clear,459464.2256311699,459469.2256311699,,,
459609.06849563576,9,send_clear,459604.06849563576,459609.06849563576,,,
459747.27910930105,3,send_clear,459742.27910930105,459747.27910930105,,,
460471.0,11,send_clear,460466.0,460471.0,,,
460739.4707469949,15,send_clear,460734.4707469949,460739.4707469949,,,
460999.00710957445,16,send_clear,460994.00710957445,460999.00710957445,,,
461239.6411412062,14,send_clear,461234.6411412062,461239.6411412062,,,
461453.98007003835,8,send_clear,461448.98007003835,461453.98007003835,,,
461648.1985568275,10,send_clear,461643.1985568275,461648.1985568275,,,
461872.36574935255,4,send_clear,461867.36574935255,461872.36574935255,,,
462124.369964983,5,send_clear,462119.369964983,462124.369964983,,,
462431.0,13,send_clear,462426.0,462431.0,,,
462819.0,0,send_clear,462814.0,462819.0,,,
463087.8098684627,12,send_clear,463082.8098684627,463087.8098684627,,,
463348.9720052691,19,send_clear,463343.9720052691,463348.9720052691,,,
463593.2952990786,6,send_clear,463588.2952990786,463593.2952990786,,,
463813.11428810266,7,send_clear,463808.11428810266,463813.11428810266,,,
464006.3481946941,17,send_clear,464001.3481946941,464006.3481946941,,,
464176.75854538043,2,send_clear,464171.75854538043,464176.75854538043,,,
464331.0584274074,1,send_clear,464326.0584274074,464331.0584274074,,,
464475.8444709818,18,send_clear,464470.8444709818,464475.8444709818,,,
464615.9344944031,9,send_clear,464610.9344944031,464615.9344944031,,,
464754.23907855613,3,send_clear,464749.23907855613,464754.23907855613,,,
465471.0,11,send_clear,465466.0,465471.0,,,
465739.57440964517,15,send_clear,465734.57440964517,465739.57440964517,,,
465999.562674578,16,send_clear,465994.562674578,465999.562674578,,,
466241.16441787477,14,send_clear,466236.16441787477,466241.16441787477,,,
466456.8664874302,8,send_clear,466451.8664874302,466456.8664874302,,,
466652.1591533576,10,send_clear,466647.1591533576,466652.1591533576,,,
466874.8826195528,4,send_clear,466869.8826195528,466874.8826195528,,,
467125.4227977115,5,send_clear,467120.4227977115,467125.4227977115,,,
467431.0,13,send_clear,467426.0,467431.0,,,
467819.0,0,send_clear,467814.0,467819.0,,,
468087.89657503954,12,send_clear,468082.89657503954,468087.89657503954,,,
468349.4454337576,19,send_clear,468344.4454337576,468349.4454337576,,,
468594.63000581256,6,send_clear,468589.63000581256,468594.63000581256,,,
468815.7172739882,7,send_clear,468810.7172739882,468815.7172739882,,,
469010.3438486588,17,send_clear,469005.3438486588,469010.3438486588,,,
469181.96501054434,2,send_clear,469176.96501054434,469181.96501054434,,,
469337.1309565643,1,send_clear,469332.1309565643,469337.1309565643,,,
469482.43599526095,18,send_clear,469477.43599526095,469482.43599526095,,,
469622.786769446,9,send_clear,469617.786769446,469622.786769446,,,
469761.1936631006,3,send_clear,469756.1936631006,469761.1936631006,,,
470471.0,11,send_clear,470466.0,470471.0,,,
470739.6728891629,15,send_clear,470734.6728891629,470739.6728891629,,,
471000.0953853072,16,send_clear,470995.0953853072,471000.0953853072,,,
471242.6381662464,14,send_clear,471237.6381662464,471242.6381662464,,,
471459.682271371,8,send_clear,471454.682271371,471459.682271371,,,
471656.0625092583,10,send_clear,471651.0625092583,471656.0625092583,,,
471877.46881403803,4,send_clear,471872.46881403803,471877.46881403803,,,
472126.55229852785,5,send_clear,472121.55229852785,472126.55229852785,,,
472431.0,13,send_clear,472426.0,472431.0,,,
472819.0,0,send_clear,472814.0,472819.0,,,
473087.9789462876,12,send_clear,473082.9789462876,473087.9789462876,,,
473349.8993093841,19,send_clear,473344.8993093841,473349.8993093841,,,
473595.9206709911,6,send_clear,473590.9206709911,473595.9206709911,,,
473818.2546438383,7,send_clear,473813.2546438383,473818.2546438383,,,
474014.26658841775,17,send_clear,474009.26658841775,474014.26658841775,,,
474187.107289438,2,send_clear,474182.107289438,474187.107289438,,,
474343.15697320795,1,send_clear,474338.15697320795,474343.15697320795,,,
474488.9992441583,18,send_clear,474483.9992441583,474488.9992441583,,,
474629.6245931816,9,send_clear,474624.6245931816,474629.6245931816,,,
474768.1424096046,3,send_clear,474763.1424096046,474768.1424096046,,,
475471.0,11,send_clear,475466.0,475471.0,,,
475739.7664447047,15,send_clear,475734.7664447047,475739.7664447047,,,
476000.6061382771,16,send_clear,475995.6061382771,476000.6061382771,,,
476244.06376484793,14,send_clear,476239.06376484793,476244.06376484793,,,
476462.42854604486,8,send_clear,476457.42854604486,476462.42854604486,,,
476659.9080110976,10,send_clear,476654.9080110976,476659.9080110976,,,
476880.117973891,4,send_clear,476875.117973891,476880.117973891,,,
477127.757782296,5,send_clear,477122.757782296,477127.757782296,,,
477431.0,13,send_clear,477426.0,477431.0,,,
477819.0,0,send_clear,477814.0,477819.0,,,
478088.0571989732,12,send_clear,478083.0571989732,478088.0571989732,,,
478350.3344038636,19,send_clear,478345.3344038636,478350.3344038636,,,
478597.16855763475,6,send_clear,478592.16855763475,478597.16855763475,,,
478820.72753952816,7,send_clear,478815.72753952816,478820.72753952816,,,
479018.1168359733,17,send_clear,479013.1168359733,479018.1168359733,,,
479192.18496676476,2,send_clear,479187.18496676476,479192.18496676476,,,
479349.1355728858,1,send_clear,479344.1355728858,479349.1355728858,,,
479495.53326059465,18,send_clear,479490.53326059465,479495.53326059465,,,
479636.44722655223,9,send_clear,479631.44722655223,479636.44722655223,,,
479775.084850452,3,send_clear,479770.084850452,479775.084850452,,,
480471.0,11,send_clear,480466.0,480471.0,,,
480739.8553224695,15,send_clear,480734.8553224695,480739.8553224695,,,
481001.0957974867,16,send_clear,480996.0957974867,481001.0957974867,,,
481245.44256647985,14,send_clear,481240.44256647985,481245.44256647985,,,
481465.1064470666,8,send_clear,481460.1064470666,481465.1064470666,,,
481663.695132896,10,send_clear,481658.695132896,481663.695132896,,,
481882.8240318413,4,send_clear,481877.8240318413,481882.8240318413,,,
482129.03829477326,5,send_clear,482124.03829477326,482129.03829477326,,,
482431.0,13,send_clear,482426.0,482431.0,,,
482819.0,0,send_clear,482814.0,482819.0,,,
483088.1315390245,12,send_clear,483083.1315390245,483088.1315390245,,,
483350.75146062166,19,send_clear,483345.75146062166,483350.75146062166,,,
483598.3749027841,6,send_clear,483593.3749027841,483598.3749027841,,,
483823.13710769097,7,send_clear,483818.13710769097,483823.13710769097,,,
484021.8950495592,17,send_clear,484016.8950495592,484021.8950495592,,,
484197.19767090445,2,send_clear,484192.19767090445,484197.19767090445,,,
484355.0658777867,1,send_clear,484350.0658777867,484355.0658777867,,,
484502.03709145426,18,send_clear,484497.03709145426,484502.03709145426,,,
484643.2539197973,9,send_clear,484638.2539197973,484643.2539197973,,,
484782.0205039193,3,send_clear,484777.0205039193,484782.0205039193,,,
485471.0,11,send_clear,485466.0,485471.0,,,
485739.939756346,15,send_clear,485734.939756346,485739.939756346,,,
486001.56519542966,16,send_clear,485996.56519542966,486001.56519542966,,,
486246.77589792735,14,send_clear,486241.77589792735,486246.77589792735,,,
486467.71711960965,8,send_clear,486462.71711960965,486467.71711960965,,,
486667.4234322317,10,send_clear,486662.4234322317,486667.4234322317,,,
486885.5812018608,4,send_clear,486880.5812018608,486885.5812018608,,,
487130.3926401276,5,send_clear,487125.3926401276,487130.3926401276,,,
487431.0,13,send_clear,487426.0,487431.0,,,
487819.0,0,send_clear,487814.0,487819.0,,,
488088.2021620733,12,send_clear,488083.2021620733,488088.2021620733,,,
488351.1511956942,19,send_clear,488346.1511956942,488351.1511956942,,,
488599.5409174296,6,send_clear,488594.5409174296,488599.5409174296,,,
488825.4844981779,7,send_clear,488820.4844981779,488825.4844981779,,,
489025.6017219901,17,send_clear,489020.6017219901,489025.6017219901,,,
489202.1450734587,2,send_clear,489197.1450734587,489202.1450734587,,,
489360.9470375703,1,send_clear,489355.9470375703,489360.9470375703,,,
489508.50978876004,18,send_clear,489503.50978876004,489508.50978876004,,,
489650.04391324543,9,send_clear,489645.04391324543,489650.04391324543,,,
489788.94887438556,3,send_clear,489783.94887438556,489788.94887438556,,,
490471.0,11,send_clear,490466.0,490471.0,,,
490740.0199685287,15,send_clear,490735.0199685287,490740.0199685287,,,
491002.0151340846,16,send_clear,490997.0151340846,491002.0151340846,,,
491248.0650597352,14,send_clear,491243.0650597352,491248.0650597352,,,
491470.26171661593,8,send_clear,491465.26171661593,491470.26171661593,,,
491671.0925464509,10,send_clear,491666.0925464509,491671.0925464509,,,
491888.3839690903,4,send_clear,491883.3839690903,491888.3839690903,,,
492131.81940657576,5,send_clear,492126.81940657576,492131.81940657576,,,
492431.0,13,send_clear,492426.0,492431.0,,,
492819.0,0,send_clear,492814.0,492819.0,,,
493088.2692539696,12,send_clear,493083.2692539696,493088.2692539696,,,
493351.534298608,19,send_clear,493346.534298608,493351.534298608,,,
493600.66778648854,6,send_clear,493595.66778648854,493600.66778648854,,,
493827.77086259343,7,send_clear,493822.77086259343,493827.77086259343,,,
494029.23737902025,17,send_clear,494024.23737902025,494029.23737902025,,,
494207.0268887368,2,send_clear,494202.0268887368,494207.0268887368,,,
494366.77823012864,1,send_clear,494361.77823012864,494366.77823012864,,,
494514.95041082846,18,send_clear,494509.95041082846,494514.95041082846,,,
494656.8164381246,9,send_clear,494651.8164381246,494656.8164381246,,,
494795.8694525725,3,send_clear,494790.8694525725,494795.8694525725,,,
495471.0,11,send_clear,495466.0,495471.0,,,
495740.09617010225,15,send_clear,495735.09617010225,495740.09617010225,,,
496002.4463858855,16,send_clear,495997.4463858855,496002.4463858855,,,
496249.31132604275,14,send_clear,496244.31132604275,496249.31132604275,,,
496472.7413970873,8,send_clear,496467.7413970873,496472.7413970873,,,
496674.70218898274,10,send_clear,496669.70218898274,496674.70218898274,,,
496891.2270800849,4,send_clear,496886.2270800849,496891.2270800849,,,
497133.3169902512,5,send_clear,497128.3169902512,497133.3169902512,,,
497431.0,13,send_clear,497426.0,497431.0,,,
497819.0,0,send_clear,497814.0,497819.0,,,
498088.3329912711,12,send_clear,498083.3329912711,498088.3329912711,,,
498351.9014332412,19,send_clear,498346.9014332412,498351.9014332412,,,
498601.75666882616,6,send_clear,498596.75666882616,498601.75666882616,,,
498829.99735290505,7,send_clear,498824.99735290505,498829.99735290505,,,
499032.8025777145,17,send_clear,499027.8025777145,499032.8025777145,,,
499211.8428731857,2,send_clear,499206.8428731857,499211.8428731857,,,
499372.5586622815,1,send_clear,499367.5586622815,499372.5586622815,,,
499521.3580234011,18,send_clear,499516.3580234011,499521.3580234011,,,
499663.5707173884,9,send_clear,499658.5707173884,499663.5707173884,,,
499802.78171581327,3,send_clear,499797.78171581327,499802.78171581327,,,
500471.0,11,send_clear,500466.0,500471.0,,,
500740.1685615971,15,send_clear,500735.1685615971,500740.1685615971,,,
501002.85969467106,16,send_clear,500997.85969467106,501002.85969467106,,,
501250.51594447414,14,send_clear,501245.51594447414,501250.51594447414,,,
501475.1573244566,8,send_clear,501470.1573244566,501475.1573244566,,,
501678.25214575644,10,send_clear,501673.25214575644,501678.25214575644,,,
501894.1055333685,4,send_clear,501889.1055333685,501894.1055333685,,,
502134.88361740706,5,send_clear,502129.88361740706,502134.88361740706,,,
502431.0,13,send_clear,502426.0,502431.0,,,
502819.0,0,send_clear,502814.0,502819.0,,,
503088.39354170754,12,send_clear,503083.39354170754,503088.39354170754,,,
503352.25323866453,19,send_clear,503347.25323866453,503352.25323866453,,,
503602.8086973181,6,send_clear,503597.8086973181,503602.8086973181,,,
503832.1651201257,7,send_clear,503827.1651201257,503832.1651201257,,,
504036.2979048351,17,send_clear,504031.2979048351,504036.2979048351,,,
504216.59282476816,2,send_clear,504211.59282476816,504216.59282476816,,,
504378.2875704058,1,send_clear,504373.2875704058,504378.2875704058,,,
504527.73170075135,18,send_clear,504522.73170075135,504527.73170075135,,,
504670.30596655654,9,send_clear,504665.30596655654,504670.30596655654,,,
504809.68512835045,3,send_clear,504804.68512835045,504809.68512835045,,,
505471.0,11,send_clear,505466.0,505471.0,,,
505740.2373335173,15,send_clear,505735.2373335173,505740.2373335173,,,
506003.25577661337,16,send_clear,505998.25577661337,506003.25577661337,,,
506251.6801360811,14,send_clear,506246.6801360811,506251.6801360811,,,
506477.51066503784,8,send_clear,506472.51066503784,506477.51066503784,,,
506681.7422717205,10,send_clear,506676.7422717205,506681.7422717205,,,
506897.0145702861,4,send_clear,506892.0145702861,506897.0145702861,,,
507136.517365051,5,send_clear,507131.517365051,507136.517365051,,,
507431.0,13,send_clear,507426.0,507431.0,,,
507819.0,0,send_clear,507814.0,507819.0,,,
508088.45106462215,12,send_clear,508083.45106462215,508088.45106462215,,,
508352.59032996243,19,send_clear,508347.59032996243,508352.59032996243,,,
508603.8249789503,6,send_clear,508598.8249789503,508603.8249789503,,,
508834.2753130669,7,send_clear,508829.2753130669,508834.2753130669,,,
509039.72397524666,17,send_clear,509034.72397524666,509039.72397524666,,,
509221.2765822921,2,send_clear,509216.2765822921,509221.2765822921,,,
509383.96422100015,1,send_clear,509378.96422100015,509383.96422100015,,,
509534.0705267638,18,send_clear,509529.0705267638,509534.0705267638,,,
509677.0213945669,9,send_clear,509672.0213945669,509677.0213945669,,,
509816.5791416613,3,send_clear,509811.5791416613,509816.5791416613,,,
510471.0,11,send_clear,510466.0,510471.0,,,
510740.3026668414,15,send_clear,510735.3026668414,510740.3026668414,,,
511003.63532112475,16,send_clear,510998.63532112475,511003.63532112475,,,
511252.8050953333,14,send_clear,511247.8050953333,511252.8050953333,,,
511479.8025865526,8,send_clear,511474.8025865526,511479.8025865526,,,
511685.1724874621,10,send_clear,511680.1724874621,511685.1724874621,,,
511899.9496661449,4,send_clear,511894.9496661449,511899.9496661449,,,
512138.2161801057,5,send_clear,512133.2161801057,512138.2161801057,,,
512431.0,13,send_clear,512426.0,512431.0,,,
512819.0,0,send_clear,512814.0,512819.0,,,
513088.50571139104,12,send_clear,513083.50571139104,513088.50571139104,,,
513352.9132990339,19,send_clear,513347.9132990339,513352.9132990339,,,
513604.8065949545,6,send_clear,513599.8065949545,513604.8065949545,,,
513836.32907716127,7,send_clear,513831.32907716127,513836.32907716127,,,
514043.0814303424,17,send_clear,514038.0814303424,514043.0814303424,,,
514225.89402469463,2,send_clear,514220.89402469463,514225.89402469463,,,
514389.5879111849,1,send_clear,514384.5879111849,514389.5879111849,,,
514540.3735959848,18,send_clear,514535.3735959848,514540.3735959848,,,
514683.71620463784,9,send_clear,514678.71620463784,514683.71620463784,,,
514823.46319481015,3,send_clear,514818.46319481015,514823.46319481015,,,
515471.0,11,send_clear,515466.0,515471.0,,,
515740.36473349936,15,send_clear,515735.36473349936,515740.36473349936,,,
516003.9989917435,16,send_clear,515998.9989917435,516003.9989917435,,,
516253.8919901538,14,send_clear,516248.8919901538,516253.8919901538,,,
516482.0342567327,8,send_clear,516477.0342567327,516482.0342567327,,,
516688.54277592566,10,send_clear,516683.54277592566,516688.54277592566,,,
516902.90652163397,4,send_clear,516897.90652163397,516902.90652163397,,,
517139.9778971821,5,send_clear,517134.9778971821,517139.9778971821,,,
517431.0,13,send_clear,517426.0,517431.0,,,
517819.0,0,send_clear,517814.0,517819.0,,,
518088.5576258215,12,send_clear,518083.5576258215,518088.5576258215,,,
518353.22271537327,19,send_clear,518348.22271537327,518353.22271537327,,,
518605.75460097543,6,send_clear,518600.75460097543,518605.75460097543,,,
518838.327553352,7,send_clear,518833.327553352,518838.327553352,,,
519046.37093649287,17,send_clear,519041.37093649287,519046.37093649287,,,
519230.44507028454,2,send_clear,519225.44507028454,519230.44507028454,,,
519395.15796913987,1,send_clear,519390.15796913987,519395.15796913987,,,
519546.64001464256,18,send_clear,519541.64001464256,519546.64001464256,,,
519690.3895951381,9,send_clear,519685.3895951381,519690.3895951381,,,
519830.3367148265,3,send_clear,519825.3367148265,519830.3367148265,,,
520471.0,11,send_clear,520466.0,520471.0,,,
520740.4236968244,15,send_clear,520735.4236968244,520740.4236968244,,,
521004.34742699756,16,send_clear,520999.34742699756,521004.34742699756,,,
521254.941961996,14,send_clear,521249.941961996,521254.941961996,,,
521484.2068419958,8,send_clear,521479.2068419958,521484.2068419958,,,
521691.8531792292,10,send_clear,521686.8531792292,521691.8531792292,,,
521905.88105451374,4,send_clear,521900.88105451374,521905.88105451374,,,
522141.80025504867,5,send_clear,522136.80025504867,522141.80025504867,,,
522431.0,13,send_clear,522426.0,522431.0,,,
522819.0,0,send_clear,522814.0,522819.0,,,
523088.60694453045,12,send_clear,523083.60694453045,523088.60694453045,,,
523353.51912683115,19,send_clear,523348.51912683115,523353.51912683115,,,
523606.67002726824,6,send_clear,523601.67002726824,523606.67002726824,,,
523840.2718770478,7,send_clear,523835.2718770478,523840.2718770478,,,
524049.5931835206,17,send_clear,524044.5931835206,524049.5931835206,,,
524234.92967594636,2,send_clear,524229.92967594636,524234.92967594636,,,
524400.6737544802,1,send_clear,524395.6737544802,524400.6737544802,,,
524552.8689016344,18,send_clear,524547.8689016344,524552.8689016344,,,
524697.0407604629,9,send_clear,524692.0407604629,524697.0407604629,,,
524837.1991171084,3,send_clear,524832.1991171084,524837.1991171084,,,
525471.0,11,send_clear,525466.0,525471.0,,,
525740.4797119831,15,send_clear,525735.4797119831,525740.4797119831,,,
526004.6812412468,16,send_clear,525999.6812412468,526004.6812412468,,,
526255.9561259586,14,send_clear,526250.9561259586,526255.9561259586,,,
526486.321506194,8,send_clear,526481.321506194,526486.321506194,,,
526695.1037955774,10,send_clear,526690.1037955774,526695.1037955774,,,
526908.869391567,4,send_clear,526903.869391567,526908.869391567,,,
527143.6809118746,5,send_clear,527138.6809118746,527143.6809118746,,,
527431.0,13,send_clear,527426.0,527431.0,,,
527819.0,0,send_clear,527814.0,527819.0,,,
528088.6537973039,12,send_clear,528083.6537973039,528088.6537973039,,,
528353.8030603548,19,send_clear,528348.8030603548,528353.8030603548,,,
528607.5538789226,6,send_clear,528602.5538789226,528607.5538789226,,,
528842.1631771415,7,send_clear,528837.1631771415,528842.1631771415,,,
529052.7488832016,17,send_clear,529047.7488832016,529052.7488832016,,,
529239.3478363091,2,send_clear,529234.3478363091,529239.3478363091,,,
529406.1346585717,1,send_clear,529401.1346585717,529406.1346585717,,,
529559.0593894812,18,send_clear,529554.0593894812,529559.0593894812,,,
529703.6688919138,9,send_clear,529698.6688919138,529703.6688919138,,,
529844.0498058486,3,send_clear,529839.0498058486,529844.0498058486,,,
530471.0,11,send_clear,530466.0,530471.0,,,
530740.532926384,15,send_clear,530735.532926384,530740.532926384,,,
531005.0010255036,16,send_clear,531000.0010255036,531005.0010255036,,,
531256.9355709358,14,send_clear,531251.9355709358,531256.9355709358,,,
531488.379409431,8,send_clear,531483.379409431,531488.379409431,,,
531698.29477627,10,send_clear,531693.29477627,531698.29477627,,,
531911.8678608021,4,send_clear,531906.8678608021,531911.8678608021,,,
532145.617459321,5,send_clear,532140.617459321,532145.617459321,,,
532431.0,13,send_clear,532426.0,532431.0,,,
532819.0,0,send_clear,532814.0,532819.0,,,
533088.6983074388,12,send_clear,533083.6983074388,533088.6983074388,,,
533354.075022709,19,send_clear,533349.075022709,533354.075022709,,,
533608.4071361119,6,send_clear,533603.4071361119,533608.4071361119,,,
533844.0025750899,7,send_clear,533839.0025750899,533844.0025750899,,,
534055.838767796,17,send_clear,534050.838767796,534055.838767796,,,
534243.6995828835,2,send_clear,534238.6995828835,534243.6995828835,,,
534411.5401047873,1,send_clear,534406.5401047873,534411.5401047873,,,
534565.2106252465,18,send_clear,534560.2106252465,534565.2106252465,,,
534710.2731785804,9,send_clear,534705.2731785804,534710.2731785804,,,
534850.8881744852,3,send_clear,534845.8881744852,534850.8881744852,,,
535471.0,11,send_clear,535466.0,535471.0,,,
535740.5834800648,15,send_clear,535735.5834800648,535740.5834800648,,,
536005.3073482317,16,send_clear,536000.3073482317,536005.3073482317,,,
536257.8813598006,14,send_clear,536252.8813598006,536257.8813598006,,,
536490.3817069494,8,send_clear,536485.3817069494,536490.3817069494,,,
536701.4263228041,10,send_clear,536696.4263228041,536701.4263228041,,,
536914.8729839022,4,send_clear,536909.8729839022,536914.8729839022,,,
537147.6074355501,5,send_clear,537142.6074355501,537147.6074355501,,,
537431.0,13,send_clear,537426.0,537431.0,,,
537819.0,0,send_clear,537814.0,537819.0,,,
538088.7405920668,12,send_clear,538083.7405920668,538088.7405920668,,,
538354.3355011769,19,send_clear,538349.3355011769,538354.3355011769,,,
538609.2307543651,6,send_clear,538604.2307543651,538609.2307543651,,,
538845.7911840536,7,send_clear,538840.7911840536,538845.7911840536,,,
539058.8635886089,17,send_clear,539053.8635886089,539058.8635886089,,,
539247.9849831698,2,send_clear,539242.9849831698,539247.9849831698,,,
539416.8895487065,1,send_clear,539411.8895487065,539416.8895487065,,,
539571.3217714195,18,send_clear,539566.3217714195,539571.3217714195,,,
539716.8528082224,9,send_clear,539711.8528082224,539716.8528082224,,,
539857.713606172,3,send_clear,539852.713606172,539857.713606172,,,
540471.0,11,send_clear,540466.0,540471.0,,,
540740.6315060615,15,send_clear,540735.6315060615,540740.6315060615,,,
541005.6007561232,16,send_clear,541000.6007561232,541005.6007561232,,,
541258.7945296167,14,send_clear,541253.7945296167,541258.7945296167,,,
541492.3295480828,8,send_clear,541487.3295480828,541492.3295480828,,,
541704.498684068,10,send_clear,541699.498684068,541704.498684068,,,
541917.8814689105,4,send_clear,541912.8814689105,541917.8814689105,,,
542149.6483372181,5,send_clear,542144.6483372181,542149.6483372181,,,
542431.0,13,send_clear,542426.0,542431.0,,,
542819.0,0,send_clear,542814.0,542819.0,,,
543088.7807624635,12,send_clear,543083.7807624635,543088.7807624635,,,
543354.5849642413,19,send_clear,543349.5849642413,543354.5849642413,,,
543610.0256648589,6,send_clear,543605.0256648589,543610.0256648589,,,
543847.5301080939,7,send_clear,543842.5301080939,543847.5301080939,,,
544061.8241145832,17,send_clear,544056.8241145832,544061.8241145832,,,
544252.2041397404,2,send_clear,544247.2041397404,544252.2041397404,,,
544422.1824782582,1,send_clear,544417.1824782582,544422.1824782582,,,
544577.3920067614,18,send_clear,544572.3920067614,544577.3920067614,,,
544723.4069681494,9,send_clear,544718.4069681494,544723.4069681494,,,
544864.5254742709,3,send_clear,544859.5254742709,544864.5254742709,,,
545471.0,11,send_clear,545466.0,545471.0,,,
545740.6771307584,15,send_clear,545735.6771307584,545740.6771307584,,,
546005.881774855,16,send_clear,546000.881774855,546005.881774855,,,
546259.6760918787,14,send_clear,546254.6760918787,546259.6760918787,,,
546494.2240752726,8,send_clear,546489.2240752726,546494.2240752726,,,
546707.5121536282,10,send_clear,546702.5121536282,546707.5121536282,,,
546920.8902031464,4,send_clear,546915.8902031464,546920.8902031464,,,
547151.7376305145,5,send_clear,547146.7376305145,547151.7376305145,,,
547431.0,13,send_clear,547426.0,547431.0,,,
547819.0,0,send_clear,547814.0,547819.0,,,
548088.8189243403,12,send_clear,548083.8189243403,548088.8189243403,,,
548354.8238622462,19,send_clear,548349.8238622462,548354.8238622462,,,
548610.7927747283,6,send_clear,548605.7927747283,548610.7927747283,,,
548849.2204414256,7,send_clear,548844.2204414256,548849.2204414256,,,
549064.7211309253,17,send_clear,549059.7211309253,549064.7211309253,,,
549256.3571892997,2,send_clear,549251.3571892997,549256.3571892997,,,
549427.4184138102,1,send_clear,549422.4184138102,549427.4184138102,,,
549583.4205271138,18,send_clear,549578.4205271138,549583.4205271138,,,
549729.9348460976,9,send_clear,549724.9348460976,549729.9348460976,,,
549871.3231428623,3,send_clear,549866.3231428623,549871.3231428623,,,
550471.0,11,send_clear,550466.0,550471.0,,,
550740.7204742205,15,send_clear,550735.7204742205,550740.7204742205,,,
551006.1509098232,16,send_clear,551001.1509098232,551006.1509098232,,,
551260.5270327759,14,send_clear,551255.5270327759,551260.5270327759,,,
551496.0664231477,8,send_clear,551491.0664231477,551496.0664231477,,,
551710.4670671042,10,send_clear,551705.4670671042,551710.4670671042,,,
551923.8962463443,4,send_clear,551918.8962463443,551923.8962463443,,,
552153.872761306,5,send_clear,552148.872761306,552153.872761306,,,
552431.0,13,send_clear,552426.0,552431.0,,,
552819.0,0,send_clear,552814.0,552819.0,,,
553088.8551781233,12,send_clear,553083.8551781233,553088.8551781233,,,
553355.0526280401,19,send_clear,553350.0526280401,553355.0526280401,,,
553611.5329673939,6,send_clear,553606.5329673939,553611.5329673939,,,
553850.8632677239,7,send_clear,553845.8632677239,553850.8632677239,,,
554067.5554377653,17,send_clear,554062.5554377653,554067.5554377653,,,
554260.4443017229,2,send_clear,554255.4443017229,554260.4443017229,,,
554432.5969082059,1,send_clear,554427.5969082059,554432.5969082059,,,
554589.4065461685,18,send_clear,554584.4065461685,554589.4065461685,,,
554736.4356311011,9,send_clear,554731.4356311011,554736.4356311011,,,
554878.1059672743,3,send_clear,554873.1059672743,554878.1059672743,,,
555471.0,11,send_clear,555466.0,555471.0,,,
555740.7616505094,15,send_clear,555735.7616505094,555740.7616505094,,,
556006.4086468576,16,send_clear,556001.4086468576,556006.4086468576,,,
556261.34831348,14,send_clear,556256.34831348,556261.34831348,,,
556497.8577176643,8,send_clear,556492.8577176643,556497.8577176643,,,
556713.3637996322,10,send_clear,556708.3637996322,556713.3637996322,,,
556926.8968240087,4,send_clear,556921.8968240087,556926.8968240087,,,
557156.0511644412,5,send_clear,557151.0511644412,557156.0511644412,,,
557431.0,13,send_clear,557426.0,557431.0,,,
557819.0,0,send_clear,557814.0,557819.0,,,
558088.8896192171,12,send_clear,558083.8896192171,558088.8896192171,,,
558355.2716775989,19,send_clear,558350.2716775989,558355.2716775989,,,
558612.2471029041,6,send_clear,558607.2471029041,558612.2471029041,,,
558852.4596594829,7,send_clear,558847.4596594829,558852.4596594829,,,
559070.3278488512,17,send_clear,559065.3278488512,559070.3278488512,,,
559264.4656790793,2,send_clear,559259.4656790793,559264.4656790793,,,
559437.7175467495,1,send_clear,559432.7175467495,559437.7175467495,,,
559595.3492961975,18,send_clear,559590.3492961975,559595.3492961975,,,
559742.908514356,9,send_clear,559737.908514356,559742.908514356,,,
559884.8732946283,3,send_clear,559879.8732946283,559884.8732946283,,,
560471.0,11,send_clear,560466.0,560471.0,,,
560740.800767984,15,send_clear,560735.800767984,560740.800767984,,,
561006.655452914,16,send_clear,561001.655452914,561006.655452914,,,
561262.1408704517,14,send_clear,561257.1408704517,561262.1408704517,,,
561499.5990753036,8,send_clear,561494.5990753036,561499.5990753036,,,
561716.2027634158,10,send_clear,561711.2027634158,561716.2027634158,,,
561929.889320979,4,send_clear,561924.889320979,561929.889320979,,,
562158.2702722681,5,send_clear,562153.2702722681,562158.2702722681,,,
562431.0,13,send_clear,562426.0,562431.0,,,
562819.0,0,send_clear,562814.0,562819.0,,,
563088.9223382563,12,send_clear,563083.9223382563,563088.9223382563,,,
563355.4814106318,19,send_clear,563350.4814106318,563355.4814106318,,,
563612.9360182905,6,send_clear,563607.9360182905,563612.9360182905,,,
563854.0106774233,7,send_clear,563849.0106774233,563854.0106774233,,,
564073.0391902798,17,send_clear,564068.0391902798,564073.0391902798,,,
564268.4215546394,2,send_clear,564263.4215546394,564268.4215546394,,,
564442.779947144,1,send_clear,564437.779947144,564442.779947144,,,
564601.2480287448,18,send_clear,564596.2480287448,564601.2480287448,,,
564749.3526900754,9,send_clear,564744.3526900754,564749.3526900754,,,
564891.6244644007,3,send_clear,564886.6244644007,564891.6244644007,,,
565471.0,11,send_clear,565466.0,565471.0,,,
565740.8379295848,15,send_clear,565735.8379295848,565740.8379295848,,,
566006.8917767475,16,send_clear,566001.8917767475,566006.8917767475,,,
566262.9056157665,14,send_clear,566257.9056157665,566262.9056157665,,,
566501.2916023268,8,send_clear,566496.2916023268,566501.2916023268,,,
566718.9844053613,10,send_clear,566713.9844053613,566718.9844053613,,,
566932.8712751982,4,send_clear,566927.8712751982,566932.8712751982,,,
567160.5275224146,5,send_clear,567155.5275224146,567160.5275224146,,,
567431.0035761207,13,send_clear,567426.0035761207,567431.0035761207,,,
567819.0,0,send_clear,567814.0,567819.0,,,
568088.9534213435,12,send_clear,568083.9534213435,568088.9534213435,,,
568355.6822111674,19,send_clear,568350.6822111674,568355.6822111674,,,
568613.6005279343,6,send_clear,568608.6005279343,568613.6005279343,,,
568855.5173699489,7,send_clear,568850.5173699489,568855.5173699489,,,
569075.6902992632,17,send_clear,569070.6902992632,569075.6902992632,,,
569272.3121918705,2,send_clear,569267.3121918705,569272.3121918705,,,
569447.7837593803,1,send_clear,569442.7837593803,569447.7837593803,,,
569607.1020152766,18,send_clear,569602.1020152766,569607.1020152766,,,
569755.7673563354,9,send_clear,569750.7673563354,569755.7673563354,,,
569898.3588089974,3,send_clear,569893.3588089974,569898.3588089974,,,
570471.0,11,send_clear,570466.0,570471.0,,,
570740.8732331055,15,send_clear,570735.8732331055,570740.8732331055,,,
571007.1180495655,16,send_clear,571002.1180495655,571007.1180495655,,,
571263.6434374565,14,send_clear,571258.6434374565,571263.6434374565,,,
571502.9363940833,8,send_clear,571497.9363940833,571502.9363940833,,,
571721.7092047974,10,send_clear,571716.7092047974,571721.7092047974,,,
571935.8403716781,4,send_clear,571930.8403716781,571935.8403716781,,,
572162.8203648777,5,send_clear,572157.8203648777,572162.8203648777,,,
572431.1216155585,13,send_clear,572426.1216155585,572431.1216155585,,,
572819.0,0,send_clear,572814.0,572819.0,,,
573088.9829502763,12,send_clear,573083.9829502763,573088.9829502763,,,
573355.8744481228,19,send_clear,573350.8744481228,573355.8744481228,,,
573614.2414239437,6,send_clear,573609.2414239437,573614.2414239437,,,
573856.9807726487,7,send_clear,573851.9807726487,573856.9807726487,,,
574078.2820229325,17,send_clear,574073.2820229325,574078.2820229325,,,
574276.1378834236,2,send_clear,574271.1378834236,574276.1378834236,,,
574452.7286655825,1,send_clear,574447.7286655825,574452.7286655825,,,
574612.9105477919,18,send_clear,574607.9105477919,574612.9105477919,,,
574762.1517159082,9,send_clear,574757.1517159082,574762.1517159082,,,
574905.075654343,3,send_clear,574900.075654343,574905.075654343,,,
575471.0,11,send_clear,575466.0,575471.0,,,
575740.9067714503,15,send_clear,575735.9067714503,575740.9067714503,,,
576007.3346856597,16,send_clear,576002.3346856597,576007.3346856597,,,
576264.3551998666,14,send_clear,576259.3551998666,576264.3551998666,,,
576504.5345343725,8,send_clear,576499.5345343725,576504.5345343725,,,
576724.3776712761,10,send_clear,576719.3776712761,576724.3776712761,,,
576938.794436658,4,send_clear,576933.794436658,576938.794436658,,,
577165.1462684667,5,send_clear,577160.1462684667,577165.1462684667,,,
577431.350048204,13,send_clear,577426.350048204,577431.350048204,,,
577819.0,0,send_clear,577814.0,577819.0,,,
578089.0110027625,12,send_clear,578084.0110027625,578089.0110027625,,,
578356.0584758548,19,send_clear,578351.0584758548,578356.0584758548,,,
578614.8594765392,6,send_clear,578609.8594765392,578614.8594765392,,,
578858.4019078432,7,send_clear,578853.4019078432,578858.4019078432,,,
579080.8152171781,17,send_clear,579075.8152171781,579080.8152171781,,,
579279.8989501114,2,send_clear,579274.8989501114,579279.8989501114,,,
579457.6143798089,1,send_clear,579452.6143798089,579457.6143798089,,,
579618.6729393927,18,send_clear,579613.6729393927,579618.6729393927,,,
579768.5049770824,9,send_clear,579763.5049770824,579768.5049770824,,,
579911.77432048,3,send_clear,579906.77432048,579911.77432048,,,
580471.0,11,send_clear,580466.0,580471.0,,,
580740.9386328778,15,send_clear,580735.9386328778,580740.9386328778,,,
581007.5420830207,16,send_clear,581002.5420830207,581007.5420830207,,,
581265.0417440243,14,send_clear,581260.0417440243,581265.0417440243,,,
581506.0870948551,8,send_clear,581501.0870948551,581506.0870948551,,,
581726.9903424551,10,send_clear,581721.9903424551,581726.9903424551,,,
581941.7314319479,4,send_clear,581936.7314319479,581941.7314319479,,,
582167.5027266408,5,send_clear,582162.5027266408,582167.5027266408,,,
582431.6848821258,13,send_clear,582426.6848821258,582431.6848821258,,,
582819.0,0,send_clear,582814.0,582819.0,,,
583089.0376526243,12,send_clear,583084.0376526243,583089.0376526243,,,
583356.2346346932,19,send_clear,583351.2346346932,583356.2346346932,,,
583615.4554344469,6,send_clear,583610.4554344469,583615.4554344469,,,
583859.7817841733,7,send_clear,583854.7817841733,583859.7817841733,,,
584083.2907455278,17,send_clear,584078.2907455278,584083.2907455278,,,
584283.5957398822,2,send_clear,584278.5957398822,584283.5957398822,,,
584462.4406478126,1,send_clear,584457.4406478126,584462.4406478126,,,
584624.3885248137,18,send_clear,584619.3885248137,584624.3885248137,,,
584774.8263544689,9,send_clear,584769.8263544689,584774.8263544689,,,
584918.4541221794,3,send_clear,584913.4541221794,584918.4541221794,,,
585471.0,11,send_clear,585466.0,585471.0,,,
585740.9689012339,15,send_clear,585735.9689012339,585740.9689012339,,,
586007.7406239313,16,send_clear,586002.7406239313,586007.7406239313,,,
586265.7038880197,14,send_clear,586260.7038880197,586265.7038880197,,,
586507.5951345133,8,send_clear,586502.5951345133,586507.5951345133,,,
586729.547782058,10,send_clear,586724.547782058,586729.547782058,,,
586944.6494494535,4,send_clear,586939.6494494535,586944.6494494535,,,
587169.8872627814,5,send_clear,587164.8872627814,587169.8872627814,,,
587432.1222011585,13,send_clear,587427.1222011585,587432.1222011585,,,
587819.0,0,send_clear,587814.0,587819.0,,,
588089.0629699931,12,send_clear,588084.0629699931,588089.0629699931,,,
588356.4032514582,19,send_clear,588351.4032514582,588356.4032514582,,,
588616.0300252975,6,send_clear,588611.0300252975,588616.0300252975,,,
588861.1213962296,7,send_clear,588856.1213962296,588861.1213962296,,,
589085.7094780629,17,send_clear,589080.7094780629,589085.7094780629,,,
589287.2286267913,2,send_clear,589282.2286267913,589287.2286267913,,,
589467.2072467615,1,send_clear,589462.2072467615,589467.2072467615,,,
589630.0566609111,18,send_clear,589625.0566609111,589630.0566609111,,,
589781.1150697911,9,send_clear,589776.1150697911,589781.1150697911,,,
589925.11436956,3,send_clear,589920.11436956,589925.11436956,,,
590471.0,11,send_clear,590466.0,590471.0,,,
590740.9976561721,15,send_clear,590735.9976561721,590740.9976561721,,,
591007.9306755434,16,send_clear,591002.9306755434,591007.9306755434,,,
591266.3424273959,14,send_clear,591261.3424273959,591266.3424273959,,,
591509.0596991575,8,send_clear,591504.0596991575,591509.0596991575,,,
591732.050577913,10,send_clear,591727.050577913,591732.050577913,,,
591947.5467058765,4,send_clear,591942.5467058765,591947.5467058765,,,
592172.2974349362,5,send_clear,592167.2974349362,592172.2974349362,,,
592432.6581628474,13,send_clear,592427.6581628474,592432.6581628474,,,
592819.0,0,send_clear,592814.0,592819.0,,,
593089.0870214935,12,send_clear,593084.0870214935,593089.0870214935,,,
593356.56463996,19,send_clear,593351.56463996,593356.56463996,,,
593616.5839560307,6,send_clear,593611.5839560307,593616.5839560307,,,
593862.4217242197,7,send_clear,593857.4217242197,593862.4217242197,,,
594088.0722903707,17,send_clear,594083.0722903707,594088.0722903707,,,
594290.7980099702,2,send_clear,594285.7980099702,594290.7980099702,,,
594471.913984922,1,send_clear,594466.913984922,594471.913984922,,,
594635.6767271116,18,send_clear,594630.6767271116,594635.6767271116,,,
594787.3703526572,9,send_clear,594782.3703526572,594787.3703526572,,,
594931.7543687149,3,send_clear,594926.7543687149,594931.7543687149,,,
595471.0,11,send_clear,595466.0,595471.0,,,
595741.0249733635,15,send_clear,595736.0249733635,595741.0249733635,,,
596008.1125904344,16,send_clear,596003.1125904344,596008.1125904344,,,
596266.9581355478,14,send_clear,596261.9581355478,596266.9581355478,,,
596510.4818209771,8,send_clear,596505.4818209771,596510.4818209771,,,
596734.4993400661,10,send_clear,596729.4993400661,596734.4993400661,,,
596950.4215375859,4,send_clear,596945.4215375859,596950.4215375859,,,
597174.7308400687,5,send_clear,597169.7308400687,597174.7308400687,,,
597433.2889967085,13,send_clear,597428.2889967085,597433.2889967085,,,
597819.0,0,send_clear,597814.0,597819.0,,,
598089.1098704188,12,send_clear,598084.1098704188,598089.1098704188,,,
598356.7191014829,19,send_clear,598351.7191014829,598356.7191014829,,,
598617.1179133033,6,send_clear,598612.1179133033,598617.1179133033,,,
598863.6837336739,7,send_clear,598858.6837336739,598863.6837336739,,,
599090.3800625359,17,send_clear,599085.3800625359,599090.3800625359,,,
599294.3043125985,2,send_clear,599289.3043125985,599294.3043125985,,,
599476.5607013059,1,send_clear,599471.5607013059,599476.5607013059,,,
599641.2481258212,18,send_clear,599636.2481258212,599641.2481258212,,,
599793.5914413154,9,send_clear,599788.5914413154,599793.5914413154,,,
599938.3734223449,3,send_clear,599933.3734223449,599938.3734223449,,,
600471.0,11,send_clear,600466.0,600471.0,,,
600741.0509246953,15,send_clear,600736.0509246953,600741.0509246953,,,
601008.2867071474,16,send_clear,601003.2867071474,601008.2867071474,,,
601267.5517641278,14,send_clear,601262.5517641278,601267.5517641278,,,
601511.8625181346,8,send_clear,601506.8625181346,601511.8625181346,,,
601736.8946989696,10,send_clear,601731.8946989696,601736.8946989696,,,
601953.272395655,4,send_clear,601948.272395655,601953.272395655,,,
602177.185117848,5,send_clear,602172.185117848,602177.185117848,,,
602434.0110027654,13,send_clear,602429.0110027654,602434.0110027654,,,
602819.0,0,send_clear,602814.0,602819.0,,,
603089.1315768978,12,send_clear,603084.1315768978,603089.1315768978,,,
603356.8669252536,19,send_clear,603351.8669252536,603356.8669252536,,,
603617.6325639008,6,send_clear,603612.6325639008,603617.6325639008,,,
603864.9083751852,7,send_clear,603859.9083751852,603864.9083751852,,,
604092.6336781683,17,send_clear,604087.6336781683,604092.6336781683,,,
604297.7479808771,2,send_clear,604292.7479808771,604297.7479808771,,,
604481.1472652844,1,send_clear,604476.1472652844,604481.1472652844,,,
604646.7702827944,18,send_clear,604641.7702827944,604646.7702827944,,,
604799.7775833893,9,send_clear,604794.7775833893,604799.7775833893,,,
604944.9708303971,3,send_clear,604939.9708303971,604944.9708303971,,,
605471.0,11,send_clear,605466.0,605471.0,,,
605741.0755784606,15,send_clear,605736.0755784606,605741.0755784606,,,
606008.453350713,16,send_clear,606003.453350713,606008.453350713,,,
606268.1240434571,14,send_clear,606263.1240434571,606268.1240434571,,,
606513.2027944007,8,send_clear,606508.2027944007,606513.2027944007,,,
606739.2373037412,10,send_clear,606734.2373037412,606739.2373037412,,,
606956.0978410593,4,send_clear,606951.0978410593,606956.0978410593,,,
607179.6579540086,5,send_clear,607174.6579540086,607179.6579540086,,,
607434.8205503275,13,send_clear,607429.8205503275,607434.8205503275,,,
607819.0,0,send_clear,607814.0,607819.0,,,
608089.152198053,12,send_clear,608084.152198053,608089.152198053,,,
608357.0083888936,19,send_clear,608352.0083888936,608357.0083888936,,,
608618.1285551505,6,send_clear,608613.1285551505,608618.1285551505,,,
608866.0965841835,7,send_clear,608861.0965841835,608866.0965841835,,,
609094.834023469,17,send_clear,609089.834023469,609094.834023469,,,
609301.1294830067,2,send_clear,609296.1294830067,609301.1294830067,,,
609485.6735761706,1,send_clear,609480.6735761706,609485.6735761706,,,
609652.2426474632,18,send_clear,609647.2426474632,609652.2426474632,,,
609805.928036593,9,send_clear,609800.928036593,609805.928036593,,,
609951.5458907069,3,send_clear,609946.5458907069,609951.5458907069,,,
610471.0,11,send_clear,610466.0,610471.0,,,
610741.0989995375,15,send_clear,610736.0989995375,610741.0989995375,,,
611008.6128331543,16,send_clear,611003.6128331543,611008.6128331543,,,
611268.6756829419,14,send_clear,611263.6756829419,611268.6756829419,,,
611514.5036388278,8,send_clear,611509.5036388278,611514.5036388278,,,
611741.5278204955,10,send_clear,611736.5278204955,611741.5278204955,,,
611958.8965400312,4,send_clear,611953.8965400312,611958.8965400312,,,
612182.1470833097,5,send_clear,612177.1470833097,612182.1470833097,,,
612435.7140769766,13,send_clear,612430.7140769766,612435.7140769766,,,
612819.0,0,send_clear,612814.0,612819.0,,,
613089.1717881503,12,send_clear,613084.1717881503,613089.1717881503,,,
613357.1437588565,19,send_clear,613352.1437588565,613357.1437588565,,,
613618.6065153357,6,send_clear,613613.6065153357,613618.6065153357,,,
613867.2492807411,7,send_clear,613862.2492807411,613867.2492807411,,,
614096.9819863326,17,send_clear,614091.9819863326,614096.9819863326,,,
614304.4493081729,2,send_clear,614299.4493081729,614304.4493081729,,,
614490.1395627707,1,send_clear,614485.1395627707,614490.1395627707,,,
614657.6646932286,18,send_clear,614652.6646932286,614657.6646932286,,,
614812.0420694248,9,send_clear,614807.0420694248,614812.0420694248,,,
614958.0978996428,3,send_clear,614953.0978996428,614958.0978996428,,,
615471.0,11,send_clear,615466.0,615471.0,,,
615741.1212495606,15,send_clear,615736.1212495606,615741.1212495606,,,
616008.7654539746,16,send_clear,616003.7654539746,616008.7654539746,,,
616269.2073714936,14,send_clear,616264.2073714936,616269.2073714936,,,
616515.7660254611,8,send_clear,616510.7660254611,616515.7660254611,,,
616743.7669307438,10,send_clear,616738.7669307438,616743.7669307438,,,
616961.6672595668,4,send_clear,616956.6672595668,616961.6672595668,,,
617184.6502921226,5,send_clear,617179.6502921226,617184.6502921226,,,
617436.6880877339,13,send_clear,617431.6880877339,617436.6880877339,,,
617819.0,0,send_clear,617814.0,617819.0,,,
618089.1903987428,12,send_clear,618084.1903987428,618089.1903987428,,,
618357.2732908508,19,send_clear,618352.2732908508,618357.2732908508,,,
618619.0670541115,6,send_clear,618614.0670541115,618619.0670541115,,,
618868.3673694097,7,send_clear,618863.3673694097,618868.3673694097,,,
619099.0784554865,17,send_clear,619094.0784554865,619099.0784554865,,,
619307.7079655386,2,send_clear,619302.7079655386,619307.7079655386,,,
619494.5451829091,1,send_clear,619489.5451829091,619494.5451829091,,,
619663.0359177126,18,send_clear,619658.0359177126,619663.0359177126,,,
619818.1189618391,9,send_clear,619813.1189618391,619818.1189618391,,,
619964.6261527525,3,send_clear,619959.6261527525,619964.6261527525,,,
620471.0,11,send_clear,620466.0,620471.0,,,
620741.1423870826,15,send_clear,620736.1423870826,620741.1423870826,,,
621008.91150063,16,send_clear,621003.91150063,621008.91150063,,,
621269.7197779504,14,send_clear,621264.7197779504,621269.7197779504,,,
621516.9909130856,8,send_clear,621511.9909130856,621516.9909130856,,,
621745.9553298609,10,send_clear,621740.9553298609,621745.9553298609,,,
621964.4088630816,4,send_clear,621959.4088630816,621964.4088630816,,,
622187.1654206705,5,send_clear,622182.1654206705,622187.1654206705,,,
622437.7391543807,13,send_clear,622432.7391543807,622437.7391543807,,,
622819.0,0,send_clear,622814.0,622819.0,,,
623089.2080788057,12,send_clear,623084.2080788057,623089.2080788057,,,
623357.3972302485,19,send_clear,623352.3972302485,623357.3972302485,,,
623619.5107629184,6,send_clear,623614.5107629184,623619.5107629184,,,
623869.4517390851,7,send_clear,623864.4517390851,623869.4517390851,,,
624101.1243196664,17,send_clear,624096.1243196664,624101.1243196664,,,
624310.905983245,2,send_clear,624305.905983245,624310.905983245,,,
624498.8904229259,1,send_clear,624493.8904229259,624498.8904229259,,,
624668.3558429732,18,send_clear,624663.3558429732,624668.3558429732,,,
624824.1580058958,9,send_clear,624819.1580058958,624824.1580058958,,,
624971.1299454097,3,send_clear,624966.1299454097,624971.1299454097,,,
625471.0,11,send_clear,625466.0,625471.0,,,
625741.1624677285,15,send_clear,625736.1624677285,625741.1624677285,,,
626009.0512489849,16,send_clear,626004.0512489849,626009.0512489849,,,
626270.2135515022,14,send_clear,626265.2135515022,626270.2135515022,,,
626518.1792450065,8,send_clear,626513.1792450065,626518.1792450065,,,
626748.0937256182,10,send_clear,626743.0937256182,626748.0937256182,,,
626967.1203062084,4,send_clear,626962.1203062084,626967.1203062084,,,
627189.6903649474,5,send_clear,627184.6903649474,627189.6903649474,,,
627438.8639149091,13,send_clear,627433.8639149091,627438.8639149091,,,
627819.0,0,send_clear,627814.0,627819.0,,,
628089.2248748654,12,send_clear,628084.2248748654,628089.2248748654,,,
628357.5158124794,19,send_clear,628352.5158124794,628357.5158124794,,,
628619.9382153965,6,send_clear,628614.9382153965,628619.9382153965,,,
628870.5032629007,7,send_clear,628865.5032629007,628870.5032629007,,,
629103.1204668281,17,send_clear,629098.1204668281,629103.1204668281,,,
629314.0439074242,2,send_clear,629309.0439074242,629314.0439074242,,,
629503.1752971509,1,send_clear,629498.1752971509,629503.1752971509,,,
629673.6240156821,18,send_clear,629668.6240156821,629673.6240156821,,,
629830.158506385,9,send_clear,629825.158506385,629830.158506385,,,
629977.6085734585,3,send_clear,629972.6085734585,629977.6085734585,,,
630471.0,11,send_clear,630466.0,630471.0,,,
630741.1815443421,15,send_clear,630736.1815443421,630741.1815443421,,,
631009.1849637527,16,send_clear,631004.1849637527,631009.1849637527,,,
631270.6893221147,14,send_clear,631265.6893221147,631270.6893221147,,,
631519.331948862,8,send_clear,631514.331948862,631519.331948862,,,
631750.1828367804,10,send_clear,631745.1828367804,631750.1828367804,,,
631969.800632737,4,send_clear,631964.800632737,631969.800632737,,,
632192.2230783369,5,send_clear,632187.2230783369,632192.2230783369,,,
632440.0590730804,13,send_clear,632435.0590730804,632440.0590730804,,,
632819.0,0,send_clear,632814.0,632819.0,,,
633089.2408311222,12,send_clear,633084.2408311222,633089.2408311222,,,
633357.6292634115,19,send_clear,633352.6292634115,633357.6292634115,,,
633620.3499677973,6,send_clear,633615.3499677973,633620.3499677973,,,
633871.5227981455,7,send_clear,633866.5227981455,633871.5227981455,,,
634105.067783394,17,send_clear,634100.067783394,634105.067783394,,,
634317.1223012226,2,send_clear,634312.1223012226,634317.1223012226,,,
634507.3998473544,1,send_clear,634502.3998473544,634507.3998473544,,,
634678.8400072658,18,send_clear,634673.8400072658,634678.8400072658,,,
634836.1197814291,9,send_clear,634831.1197814291,634836.1197814291,,,
634984.061333857,3,send_clear,634979.061333857,634984.061333857,,,
635471.0,11,send_clear,635466.0,635471.0,,,
635741.199667125,15,send_clear,635736.199667125,635741.199667125,,,
636009.3128989213,16,send_clear,636004.3128989213,636009.3128989213,,,
636271.147700955,14,send_clear,636266.147700955,636271.147700955,,,
636520.4499364666,8,send_clear,636515.4499364666,636520.4499364666,,,
636752.2233917648,10,send_clear,636747.2233917648,636752.2233917648,,,
636972.4489706884,4,send_clear,636967.4489706884,636972.4489706884,,,
637194.7615729545,5,send_clear,637189.7615729545,637194.7615729545,,,
637441.3213980742,13,send_clear,637436.3213980742,637441.3213980742,,,
637819.0,0,send_clear,637814.0,637819.0,,,
638089.2559895661,12,send_clear,638084.2559895661,638089.2559895661,,,
638357.7377997192,19,send_clear,638352.7377997192,638357.7377997192,,,
638620.7465593934,6,send_clear,638615.7465593934,638620.7465593934,,,
638872.5111862079,7,send_clear,638867.5111862079,638872.5111862079,,,
639106.9671535348,17,send_clear,639101.9671535348,639106.9671535348,,,
639320.1417438382,2,send_clear,639315.1417438382,639320.1417438382,,,
639511.5641421786,1,send_clear,639506.5641421786,639511.5641421786,,,
639684.0034140114,18,send_clear,639679.0034140114,639684.0034140114,,,
639842.0411630581,9,send_clear,639837.0411630581,639842.0411630581,,,
639990.4875253171,3,send_clear,639985.4875253171,639990.4875253171,,,
640471.0,11,send_clear,640466.0,640471.0,,,
640741.2168837688,15,send_clear,640736.2168837688,640741.2168837688,,,
641009.4352981637,16,send_clear,641004.4352981637,641009.4352981637,,,
641271.5892808154,14,send_clear,641266.5892808154,641271.5892808154,,,
641521.5341036841,8,send_clear,641516.5341036841,641521.5341036841,,,
641754.2161273607,10,send_clear,641749.2161273607,641754.2161273607,,,
641975.064528522,4,send_clear,641970.064528522,641975.064528522,,,
642197.3039207328,5,send_clear,642192.3039207328,642197.3039207328,,,
642442.6477242071,13,send_clear,642437.6477242071,642442.6477242071,,,
642819.0,0,send_clear,642814.0,642819.0,,,
643089.2703900877,12,send_clear,643084.2703900877,643089.2703900877,,,
643357.8416292376,19,send_clear,643352.8416292376,643357.8416292376,,,
643621.1285128855,6,send_clear,643616.1285128855,643621.1285128855,,,
643873.4692525418,7,send_clear,643868.4692525418,643873.4692525418,,,
644108.8194584851,17,send_clear,644103.8194584851,644108.8194584851,,,
644323.1028295705,2,send_clear,644318.1028295705,644323.1028295705,,,
644515.6682765483,1,send_clear,644510.6682765483,644515.6682765483,,,
644689.1138571383,18,send_clear,644684.1138571383,644689.1138571383,,,
644847.9219977622,9,send_clear,644842.9219977622,644847.9219977622,,,
644996.8864489393,3,send_clear,644991.8864489393,644996.8864489393,,,
645471.0,11,send_clear,645466.0,645471.0,,,
645741.2332395804,15,send_clear,645736.2332395804,645741.2332395804,,,
646009.5523952345,16,send_clear,646004.5523952345,646009.5523952345,,,
646272.0146365364,14,send_clear,646267.0146365364,646272.0146365364,,,
646522.5853303267,8,send_clear,646517.5853303267,646522.5853303267,,,
646756.161787509,10,send_clear,646751.161787509,646756.161787509,,,
646977.6465914713,4,send_clear,646972.6465914713,646977.6465914713,,,
647199.8482542697,5,send_clear,647194.8482542697,647199.8482542697,,,
647444.0349507103,13,send_clear,647439.0349507103,647444.0349507103,,,
647819.0,0,send_clear,647814.0,647819.0,,,
648089.2840705833,12,send_clear,648084.2840705833,648089.2840705833,,,
648357.940951305,19,send_clear,648352.940951305,648357.940951305,,,
648621.4963348066,6,send_clear,648616.4963348066,648621.4963348066,,,
648874.397806655,7,send_clear,648869.397806655,648874.397806655,,,
649110.6255758936,17,send_clear,649105.6255758936,649110.6255758936,,,
649326.0061668867,2,send_clear,649321.0061668867,649326.0061668867,,,
649519.7123710652,1,send_clear,649514.7123710652,649519.7123710652,,,
649694.1709828347,18,send_clear,649689.1709828347,649694.1709828347,,,
649853.7616470158,9,send_clear,649848.7616470158,649853.7616470158,,,
650003.2574088431,3,send_clear,649998.2574088431,650003.2574088431,,,
650471.0,11,send_clear,650466.0,650471.0,,,
650741.2487776014,15,send_clear,650736.2487776014,650741.2487776014,,,
651009.6644143529,16,send_clear,651004.6644143529,651009.6644143529,,,
651272.4243254272,14,send_clear,651267.4243254272,651272.4243254272,,,
651523.6044800817,8,send_clear,651518.6044800817,651523.6044800817,,,
651758.0611221376,10,send_clear,651753.0611221376,651758.0611221376,,,
651980.1945180045,4,send_clear,651975.1945180045,651980.1945180045,,,
652202.3927674565,5,send_clear,652197.3927674565,652202.3927674565,,,
652445.4800415476,13,send_clear,652440.4800415476,652445.4800415476,,,
652819.0,0,send_clear,652814.0,652819.0,,,
653089.2970670541,12,send_clear,653084.2970670541,653089.2970670541,,,
653358.0359570924,19,send_clear,653353.0359570924,653358.0359570924,,,
653621.8505159209,6,send_clear,653616.8505159209,653621.8505159209,,,
653875.2976421183,7,send_clear,653870.2976421183,653875.2976421183,,,
654112.3863792048,17,send_clear,654107.3863792048,654112.3863792048,,,
654328.8523775026,2,send_clear,654323.8523775026,654328.8523775026,,,
654523.696571387,1,send_clear,654518.696571387,654523.696571387,,,
654699.1744622623,18,send_clear,654694.1744622623,654699.1744622623,,,
654859.5594877781,9,send_clear,654854.5594877781,654859.5594877781,,,
655009.5997127899,3,send_clear,655004.5997127899,655009.5997127899,,,
655471.0,11,send_clear,655466.0,655471.0,,,
655741.2635387214,15,send_clear,655736.2635387214,655741.2635387214,,,
656009.7715705712,16,send_clear,656004.7715705712,656009.7715705712,,,
656272.8188876844,14,send_clear,656267.8188876844,656272.8188876844,,,
656524.5924004618,8,send_clear,656519.5924004618,656524.5924004618,,,
656759.9148860538,10,send_clear,656754.9148860538,656759.9148860538,,,
656982.707736407,4,send_clear,656977.707736407,656982.707736407,,,
657204.935715904,5,send_clear,657199.935715904,657204.935715904,,,
657446.9800252654,13,send_clear,657441.9800252654,657446.9800252654,,,
657819.0,0,send_clear,657814.0,657819.0,,,
658089.3094137014,12,send_clear,658084.3094137014,658089.3094137014,,,
658358.1268299229,19,send_clear,658353.1268299229,658358.1268299229,,,
658622.191531621,6,send_clear,658617.191531621,658622.191531621,,,
658876.1695365935,7,send_clear,658871.1695365935,658876.1695365935,,,
659114.1027370743,17,send_clear,659109.1027370743,659114.1027370743,,,
659331.6420954812,2,send_clear,659326.6420954812,659331.6420954812,,,
659527.6210475917,1,send_clear,659522.6210475917,659527.6210475917,,,
659704.1239915288,18,send_clear,659699.1239915288,659704.1239915288,,,
659865.3149129656,9,send_clear,659860.3149129656,659865.3149129656,,,
660015.9126727986,3,send_clear,660010.9126727986,660015.9126727986,,,
660471.0,11,send_clear,660466.0,660471.0,,,
660741.2775617853,15,send_clear,660736.2775617853,660741.2775617853,,,
661009.8740701319,16,send_clear,661004.8740701319,661009.8740701319,,,
661273.1988468068,14,send_clear,661268.1988468068,661273.1988468068,,,
661525.5499227791,8,send_clear,661520.5499227791,661525.5499227791,,,
661761.7238378901,10,send_clear,661756.7238378901,661761.7238378901,,,
661985.1857414813,4,send_clear,661980.1857414813,661985.1857414813,,,
662207.4754171829,5,send_clear,662202.4754171829,662207.4754171829,,,
662448.5319948612,13,send_clear,662443.5319948612,662448.5319948612,,,
662819.0,0,send_clear,662814.0,662819.0,,,
663089.3211430163,12,send_clear,663084.3211430163,663089.3211430163,,,
663358.2137455776,19,send_clear,663353.2137455776,663358.2137455776,,,
663622.5198423188,6,send_clear,663617.5198423188,663622.5198423188,,,
663877.0142518798,7,send_clear,663872.0142518798,663877.0142518798,,,
664115.7755128145,17,send_clear,664110.7755128145,664115.7755128145,,,
664334.3759663479,2,send_clear,664329.3759663479,664334.3759663479,,,
664531.4859935294,1,send_clear,664526.4859935294,664531.4859935294,,,
664709.0192916289,18,send_clear,664704.0192916289,664709.0192916289,,,
664871.0273318988,9,send_clear,664866.0273318988,664871.0273318988,,,
665022.1956057536,3,send_clear,665017.1956057536,665022.1956057536,,,
665471.0,11,send_clear,665466.0,665471.0,,,
665741.290883696,15,send_clear,665736.290883696,665741.290883696,,,
666009.9721108101,16,send_clear,666004.9721108101,666009.9721108101,,,
666273.5647100069,14,send_clear,666268.5647100069,666273.5647100069,,,
666526.4778621405,8,send_clear,666521.4778621405,666526.4778621405,,,
666763.4887391026,10,send_clear,666758.4887391026,666763.4887391026,,,
666987.6280913623,4,send_clear,666982.6280913623,666987.6280913623,,,
667210.0102508919,5,send_clear,667205.0102508919,667210.0102508919,,,
667450.1331076628,13,send_clear,667445.1331076628,667450.1331076628,,,
667819.0,0,send_clear,667814.0,667819.0,,,
668089.3322858656,12,send_clear,668084.3322858656,668089.3322858656,,,
668358.2968725921,19,send_clear,668353.2968725921,668358.2968725921,,,
668622.8358938325,6,send_clear,668617.8358938325,668622.8358938325,,,
668877.8325339775,7,send_clear,668872.8325339775,668877.8325339775,,,
669117.4055638727,17,send_clear,669112.4055638727,669117.4055638727,,,
669337.0546462241,2,send_clear,669332.0546462241,669337.0546462241,,,
669535.2916261642,1,send_clear,669530.2916261642,669535.2916261642,,,
669713.8601083556,18,send_clear,669708.8601083556,669713.8601083556,,,
669876.6961707217,9,send_clear,669871.6961707217,669876.6961707217,,,
670028.447834002,3,send_clear,670023.447834002,670028.447834002,,,
670471.0,11,send_clear,670466.0,670471.0,,,
670741.3035395113,15,send_clear,670736.3035395113,670741.3035395113,,,
671010.0658822452,16,send_clear,671005.0658822452,671010.0658822452,,,
671273.9169686189,14,send_clear,671268.9169686189,671273.9169686189,,,
671527.3770174645,8,send_clear,671522.3770174645,671527.3770174645,,,
671765.2103530207,10,send_clear,671760.2103530207,671765.2103530207,,,
671990.0344044452,4,send_clear,671985.0344044452,671990.0344044452,,,
672212.5386585696,5,send_clear,672207.5386585696,672212.5386585696,,,
672451.7805852081,13,send_clear,672446.7805852081,672451.7805852081,,,
672819.0,0,send_clear,672814.0,672819.0,,,
673089.3428715722,12,send_clear,673084.3428715722,673089.3428715722,,,
673358.3763725411,19,send_clear,673353.3763725411,673358.3763725411,,,
673623.140117768,6,send_clear,673618.140117768,673623.140117768,,,
673878.625113167,7,send_clear,673873.625113167,673878.625113167,,,
674118.9937413373,17,send_clear,674113.9937413373,674118.9937413373,,,
674339.6788009797,2,send_clear,674334.6788009797,674339.6788009797,,,
674539.038184905,1,send_clear,674534.038184905,674539.038184905,,,
674718.646212183,18,send_clear,674713.646212183,674718.646212183,,,
674882.3208727947,9,send_clear,674877.3208727947,674882.3208727947,,,
675034.6686859416,3,send_clear,675029.6686859416,675034.6686859416,,,
675471.0,11,send_clear,675466.0,675471.0,,,
675741.3155625358,15,send_clear,675736.3155625358,675741.3155625358,,,
676010.1555662598,16,send_clear,676005.1555662598,676010.1555662598,,,
676274.2560985009,14,send_clear,676269.2560985009,676274.2560985009,,,
676528.2481715163,8,send_clear,676523.2481715163,676528.2481715163,,,
676766.8894439455,10,send_clear,676761.8894439455,676766.8894439455,,,
676992.4043564203,4,send_clear,676987.4043564203,676992.4043564203,,,
677215.0591434621,5,send_clear,677210.0591434621,677215.0591434621,,,
677453.4717131208,13,send_clear,677448.4717131208,677453.4717131208,,,
677819.0,0,send_clear,677814.0,677819.0,,,
678089.3529279936,12,send_clear,678084.3529279936,678089.3529279936,,,
678358.4524003137,19,send_clear,678353.4524003137,678358.4524003137,,,
678623.4329318953,6,send_clear,678618.4329318953,678623.4329318953,,,
678879.3927041034,7,send_clear,678874.3927041034,678879.3927041034,,,
679120.5408894756,17,send_clear,679115.5408894756,679120.5408894756,,,
679342.2491054046,2,send_clear,679337.2491054046,679342.2491054046,,,
679542.7259309299,1,send_clear,679537.7259309299,679542.7259309299,,,
679723.3773981204,18,send_clear,679718.3773981204,679723.3773981204,,,
679887.900899061,9,send_clear,679882.900899061,679887.900899061,,,
680040.8574965976,3,send_clear,680035.8574965976,680040.8574965976,,,
680471.0,11,send_clear,680466.0,680471.0,,,
680741.326984409,15,send_clear,680736.326984409,680741.326984409,,,
681010.2413371672,16,send_clear,681005.2413371672,681010.2413371672,,,
681274.5825604342,14,send_clear,681269.5825604342,681274.5825604342,,,
681529.0920909622,8,send_clear,681524.0920909622,681529.0920909622,,,
681768.5267762963,10,send_clear,681763.5267762963,681768.5267762963,,,
681994.7376774141,4,send_clear,681989.7376774141,681994.7376774141,,,
682217.5702701597,5,send_clear,682212.5702701597,682217.5702701597,,,
682455.2038409727,13,send_clear,682450.2038409727,682455.2038409727,,,
682819.0,0,send_clear,682814.0,682819.0,,,
683089.362481594,12,send_clear,683084.362481594,683089.362481594,,,
683358.5251043777,19,send_clear,683353.5251043777,683358.5251043777,,,
683623.7147405194,6,send_clear,683618.7147405194,683623.7147405194,,,
683880.1360059242,7,send_clear,683875.1360059242,683880.1360059242,,,
684122.0478452981,17,send_clear,684117.0478452981,684122.0478452981,,,
684344.7662423992,2,send_clear,684339.7662423992,684344.7662423992,,,
684546.3551465033,1,send_clear,684541.3551465033,684546.3551465033,,,
684728.0534855395,18,send_clear,684723.0534855395,684728.0534855395,,,
684893.4357283849,9,send_clear,684888.4357283849,684893.4357283849,,,
685047.013608187,3,send_clear,685042.013608187,685047.013608187,,,
685471.0,11,send_clear,685466.0,685471.0,,,
685741.3378351886,15,send_clear,685736.3378351886,685741.3378351886,,,
686010.3233620683,16,send_clear,686005.3233620683,686010.3233620683,,,
686274.8968005159,14,send_clear,686269.8968005159,686274.8968005159,,,
686529.9095264398,8,send_clear,686524.9095264398,686529.9095264398,,,
686770.1231138034,10,send_clear,686765.1231138034,686770.1231138034,,,
686997.0341492336,4,send_clear,686992.0341492336,686997.0341492336,,,
687220.0706641134,5,send_clear,687215.0706641134,687220.0706641134,,,
687456.9743821297,13,send_clear,687451.9743821297,687456.9743821297,,,
687819.0,0,send_clear,687814.0,687819.0,,,
688089.3715575143,12,send_clear,688084.3715575143,688089.3715575143,,,
688358.5946270345,19,send_clear,688353.5946270345,688358.5946270345,,,
688623.9859348452,6,send_clear,688618.9859348452,688623.9859348452,,,
688880.8557023703,7,send_clear,688875.8557023703,688880.8557023703,,,
689123.5154381517,17,send_clear,689118.5154381517,689123.5154381517,,,
689347.2309021868,2,send_clear,689342.2309021868,689347.2309021868,,,
689549.9261342875,1,send_clear,689544.9261342875,689549.9261342875,,,
689732.6743179769,18,send_clear,689727.6743179769,689732.6743179769,,,
689898.9248578645,9,send_clear,689893.9248578645,689898.9248578645,,,
690053.1363706709,3,send_clear,690048.1363706709,690053.1363706709,,,
690471.0,11,send_clear,690466.0,690471.0,,,
690741.3481434291,15,send_clear,690736.3481434291,690741.3481434291,,,
691010.4018011363,16,send_clear,691005.4018011363,691010.4018011363,,,
691275.199250547,14,send_clear,691270.199250547,691275.199250547,,,
691530.7012126452,8,send_clear,691525.7012126452,691530.7012126452,,,
691771.6792187456,10,send_clear,691766.6792187456,691771.6792187456,,,
691999.2936027092,4,send_clear,691994.2936027092,691999.2936027092,,,
692222.5590110432,5,send_clear,692217.5590110432,692222.5590110432,,,
692458.7808135754,13,send_clear,692453.7808135754,692458.7808135754,,,
692819.0,0,send_clear,692814.0,692819.0,,,
693089.3801796386,12,send_clear,693084.3801796386,693089.3801796386,,,
693358.6611046647,19,send_clear,693353.6611046647,693358.6611046647,,,
693624.2468933362,6,send_clear,693619.2468933362,693624.2468933362,,,
693881.5524619186,7,send_clear,693876.5524619186,693881.5524619186,,,
694124.9444893401,17,send_clear,694119.9444893401,694124.9444893401,,,
694349.6437815445,2,send_clear,694344.6437815445,694349.6437815445,,,
694553.4392166503,1,send_clear,694548.4392166503,694553.4392166503,,,
694737.2397629106,18,send_clear,694732.2397629106,694737.2397629106,,,
694904.3678031168,9,send_clear,694899.3678031168,694904.3678031168,,,
695059.2251422931,3,send_clear,695054.2251422931,695059.2251422931,,,
695471.0,11,send_clear,695466.0,695471.0,,,
695741.3579362577,15,send_clear,695736.3579362577,695741.3579362577,,,
696010.4768078924,16,send_clear,696005.4768078924,696010.4768078924,,,
696275.4903284142,14,send_clear,696270.4903284142,696275.4903284142,,,
696531.4678684336,8,send_clear,696526.4678684336,696531.4678684336,,,
696773.19585123,10,send_clear,696768.19585123,696773.19585123,,,
697001.5159151353,4,send_clear,696996.5159151353,697001.5159151353,,,
697225.0340562478,5,send_clear,697220.0340562478,697225.0340562478,,,
697460.620675709,13,send_clear,697455.620675709,697460.620675709,,,
697819.0,0,send_clear,697814.0,697819.0,,,
698089.3883706566,12,send_clear,698084.3883706566,698089.3883706566,,,
698358.7246679643,19,send_clear,698353.7246679643,698358.7246679643,,,
698624.4979820676,6,send_clear,698619.4979820676,698624.4979820676,,,
698882.226937926,7,send_clear,698877.226937926,698882.226937926,,,
699126.3358117694,17,send_clear,699121.3358117694,699126.3358117694,,,
699352.0055830558,2,send_clear,699347.0055830558,699352.0055830558,,,
699556.8947349706,1,send_clear,699551.8947349706,699556.8947349706,,,
699741.7497115136,18,send_clear,699736.7497115136,699741.7497115136,,,
699909.7640985367,9,send_clear,699904.7640985367,699909.7640985367,,,
700065.2792901053,3,send_clear,700060.2792901053,700065.2792901053,,,
700471.0,11,send_clear,700466.0,700471.0,,,
700741.3672394449,15,send_clear,700736.3672394449,700741.3672394449,,,
701010.5485294701,16,send_clear,701005.5485294701,701010.5485294701,,,
701275.770438467,14,send_clear,701270.770438467,701275.770438467,,,
701532.2101969352,8,send_clear,701527.2101969352,701532.2101969352,,,
701774.6737685152,10,send_clear,701769.6737685152,701774.6737685152,,,
702003.7010078043,4,send_clear,701998.7010078043,702003.7010078043,,,
702227.4946038256,5,send_clear,702222.4946038256,702227.4946038256,,,
702462.4915721149,13,send_clear,702457.4915721149,702462.4915721149,,,
702819.0,0,send_clear,702814.0,702819.0,,,
703089.3961521238,12,send_clear,703084.3961521238,703089.3961521238,,,
703358.7854421722,19,send_clear,703353.7854421722,703358.7854421722,,,
703624.7395550729,6,send_clear,703619.7395550729,703624.7395550729,,,
703882.8797687833,7,send_clear,703877.8797687833,703882.8797687833,,,
704127.69020962,17,send_clear,704122.69020962,704127.69020962,,,
704354.317014384,2,send_clear,704349.317014384,704354.317014384,,,
704560.2930489413,1,send_clear,704555.2930489413,704560.2930489413,,,
704746.204078385,18,send_clear,704741.204078385,704746.204078385,,,
704915.113297529,9,send_clear,704910.113297529,704915.113297529,,,
705071.2981904765,3,send_clear,705066.2981904765,705071.2981904765,,,
705471.0,11,send_clear,705466.0,705471.0,,,
705741.3760774726,15,send_clear,705736.3760774726,705741.3760774726,,,
706010.6171068703,16,send_clear,706005.6171068703,706010.6171068703,,,
706276.0399718873,14,send_clear,706271.0399718873,706276.0399718873,,,
706532.9288856828,8,send_clear,706527.9288856828,706532.9288856828,,,
706776.1137243736,10,send_clear,706771.1137243736,706776.1137243736,,,
707005.8488436327,4,send_clear,707000.8488436327,707005.8488436327,,,
707229.9395158159,5,send_clear,707224.9395158159,707229.9395158159,,,
707464.3911693,13,send_clear,707459.3911693,707464.3911693,,,
707819.0,0,send_clear,707814.0,707819.0,,,
708089.4035445176,12,send_clear,708084.4035445176,708089.4035445176,,,
708358.8435472895,19,send_clear,708353.8435472895,708358.8435472895,,,
708624.9719546837,6,send_clear,708619.9719546837,708624.9719546837,,,
708883.5115780784,7,send_clear,708878.5115780784,708883.5115780784,,,
709129.008478043,17,send_clear,709124.008478043,709129.008478043,,,
709356.5787875669,2,send_clear,709351.5787875669,709356.5787875669,,,
709563.6345358726,1,send_clear,709558.6345358726,709563.6345358726,,,
709750.6028012594,18,send_clear,709745.6028012594,709750.6028012594,,,
709920.4149727155,9,send_clear,709915.4149727155,709920.4149727155,,,
710077.2812295884,3,send_clear,710072.2812295884,710077.2812295884,,,
710471.0,11,send_clear,710466.0,710471.0,,,
710741.3844735989,15,send_clear,710736.3844735989,710741.3844735989,,,
711010.6826752067,16,send_clear,711005.6826752067,711010.6826752067,,,
711276.2993070532,14,send_clear,711271.2993070532,711276.2993070532,,,
711533.6246067514,8,send_clear,711528.6246067514,711533.6246067514,,,
711777.5164684926,10,send_clear,711772.5164684926,711777.5164684926,,,
712007.9594248757,4,send_clear,712002.9594248757,712007.9594248757,,,
712232.367711269,5,send_clear,712227.367711269,712232.367711269,,,
712466.3171963984,13,send_clear,712461.3171963984,712466.3171963984,,,
712819.0,0,send_clear,712814.0,712819.0,,,
713089.4105672917,12,send_clear,713084.4105672917,713089.4105672917,,,
713358.8990982895,19,send_clear,713353.8990982895,713358.8990982895,,,
713625.1955118639,6,send_clear,713620.1955118639,713625.1955118639,,,
713884.1229747677,7,send_clear,713879.1229747677,713884.1229747677,,,
714130.2914028793,17,send_clear,714125.2914028793,714130.2914028793,,,
714358.7916183325,2,send_clear,714353.7916183325,714358.7916183325,,,
714566.9195899956,1,send_clear,714561.9195899956,714566.9195899956,,,
714754.9458406962,18,send_clear,714749.9458406962,714754.9458406962,,,
714925.6687161146,9,send_clear,714920.6687161146,714925.6687161146,,,
715083.2278039147,3,send_clear,715078.2278039147,715083.2278039147,,,
715471.0,11,send_clear,715466.0,715471.0,,,
715741.392449919,15,send_clear,715736.392449919,715741.392449919,,,
716010.7453639423,16,send_clear,716005.7453639423,716010.7453639423,,,
716276.5488098976,14,send_clear,716271.5488098976,716276.5488098976,,,
716534.2980169087,8,send_clear,716529.2980169087,716534.2980169087,,,
716778.8827459133,10,send_clear,716773.8827459133,716778.8827459133,,,
717010.0327909276,4,send_clear,717005.0327909276,717010.0327909276,,,
717234.7781652518,5,send_clear,717229.7781652518,717234.7781652518,,,
717468.2674448411,13,send_clear,717463.2674448411,717468.2674448411,,,
717819.0,0,send_clear,717814.0,717819.0,,,
718089.4172389271,12,send_clear,718084.4172389271,718089.4172389271,,,
718358.9522053214,19,send_clear,718353.9522053214,718358.9522053214,,,
718625.4105465368,6,send_clear,718620.4105465368,718625.4105465368,,,
718884.7145533562,7,send_clear,718879.7145533562,718884.7145533562,,,
719131.5397604031,17,send_clear,719126.5397604031,719131.5397604031,,,
719360.9562254361,2,send_clear,719355.9562254361,719360.9562254361,,,
719570.1486217676,1,send_clear,719565.1486217676,719570.1486217676,,,
719759.2331797498,18,send_clear,719754.2331797498,719759.2331797498,,,
719930.8741392964,9,send_clear,719925.8741392964,719930.8741392964,,,
720089.1373206838,3,send_clear,720084.1373206838,720089.1373206838,,,
720471.0,11,send_clear,720466.0,720471.0,,,
720741.400027423,15,send_clear,720736.400027423,720741.400027423,,,
721010.8052971164,16,send_clear,721005.8052971164,721010.8052971164,,,
721276.7888342586,14,send_clear,721271.7888342586,721276.7888342586,,,
721534.9497577762,8,send_clear,721529.9497577762,721534.9497577762,,,
721780.2132965064,10,send_clear,721775.2132965064,721780.2132965064,,,
722012.0690162065,4,send_clear,722007.0690162065,722012.0690162065,,,
722237.1699077996,5,send_clear,722232.1699077996,722237.1699077996,,,
722470.239767989,13,send_clear,722465.239767989,722470.239767989,,,
722819.0,0,send_clear,722814.0,722819.0,,,
723089.4235769807,12,send_clear,723084.4235769807,723089.4235769807,,,
723359.0029739044,19,send_clear,723354.0029739044,723359.0029739044,,,
723625.6173679052,6,send_clear,723620.6173679052,723625.6173679052,,,
723885.2868940836,7,send_clear,723880.2868940836,723885.2868940836,,,
724132.7543170871,17,send_clear,724127.7543170871,724132.7543170871,,,
724363.0733300187,2,send_clear,724358.0733300187,724363.0733300187,,,
724573.3220571802,1,send_clear,724568.3220571802,724573.3220571802,,,
724763.4648236213,18,send_clear,724758.4648236213,724763.4648236213,,,
724936.0308735126,9,send_clear,724931.0308735126,724936.0308735126,,,
725095.0091983252,3,send_clear,725090.0091983252,725095.0091983252,,,
725471.0,11,send_clear,725466.0,725471.0,,,
725741.4072260519,15,send_clear,725736.4072260519,725741.4072260519,,,
726010.8625935632,16,send_clear,726005.8625935632,726010.8625935632,,,
726277.0197222237,14,send_clear,726272.0197222237,726277.0197222237,,,
726535.5804559987,8,send_clear,726530.5804559987,726535.5804559987,,,
726781.508854481,10,send_clear,726776.508854481,726781.508854481,,,
727014.0682081203,4,send_clear,727009.0682081203,727014.0682081203,,,
727239.5420228156,5,send_clear,727234.5420228156,727239.5420228156,,,
727472.2320807304,13,send_clear,727467.2320807304,727472.2320807304,,,
727819.0,0,send_clear,727814.0,727819.0,,,
728089.4295981317,12,send_clear,728084.4295981317,728089.4295981317,,,
728359.0515051157,19,send_clear,728354.0515051157,728359.0515051157,,,
728625.8162747658,6,send_clear,728620.8162747658,728625.8162747658,,,
728885.8405631178,7,send_clear,728880.8405631178,728885.8405631178,,,
729133.9358293887,17,send_clear,729128.9358293887,729133.9358293887,,,
729365.1436549872,2,send_clear,729360.1436549872,729365.1436549872,,,
729576.4403370706,1,send_clear,729571.4403370706,729576.4403370706,,,
729767.6407992938,18,send_clear,729762.6407992938,729767.6407992938,,,
729941.1385698017,9,send_clear,729936.1385698017,729941.1385698017,,,
730100.8428668991,3,send_clear,730095.8428668991,730100.8428668991,,,
730471.0,11,send_clear,730466.0,730471.0,,,
730741.4140647493,15,send_clear,730736.4140647493,730741.4140647493,,,
731010.9173671225,16,send_clear,731005.9173671225,731010.9173671225,,,
731277.2418044687,14,send_clear,731272.2418044687,731277.2418044687,,,
731536.1907234222,8,send_clear,731531.1907234222,731536.1907234222,,,
731782.7701479282,10,send_clear,731777.7701479282,731782.7701479282,,,
732016.0305051107,4,send_clear,732011.0305051107,732016.0305051107,,,
732241.8936469303,5,send_clear,732236.8936469303,732241.8936469303,,,
732474.2423590404,13,send_clear,732469.2423590404,732474.2423590404,,,
732819.0,0,send_clear,732814.0,732819.0,,,
733089.4353182251,12,send_clear,733084.4353182251,733089.4353182251,,,
733359.0978957711,19,send_clear,733354.0978957711,733359.0978957711,,,
733626.0075558161,6,send_clear,733621.0075558161,733626.0075558161,,,
733886.3761127527,7,send_clear,733881.3761127527,733886.3761127527,,,
734135.0850435569,17,send_clear,734130.0850435569,734135.0850435569,,,
734367.1679244157,2,send_clear,734362.1679244157,734367.1679244157,,,
734579.5039164379,1,send_clear,734574.5039164379,734579.5039164379,,,
734771.761155151,18,send_clear,734766.761155151,734771.761155151,,,
734946.1968990691,9,send_clear,734941.1968990691,734946.1968990691,,,
735106.6377685076,3,send_clear,735101.6377685076,735106.6377685076,,,
735471.0,11,send_clear,735466.0,735471.0,,,
735741.4205615118,15,send_clear,735736.4205615118,735741.4205615118,,,
736010.9697268419,16,send_clear,736005.9697268419,736010.9697268419,,,
736277.4554005873,14,send_clear,736272.4554005873,736277.4554005873,,,
736536.7811572804,8,send_clear,736531.7811572804,736536.7811572804,,,
736783.9978983958,10,send_clear,736778.9978983958,736783.9978983958,,,
737017.956074775,4,send_clear,737012.956074775,737017.956074775,,,
737244.2239683226,5,send_clear,737239.2239683226,737244.2239683226,,,
737476.2686395046,13,send_clear,737471.2686395046,737476.2686395046,,,
737819.0,0,send_clear,737814.0,737819.0,,,
738089.4407523138,12,send_clear,738084.4407523138,738089.4407523138,,,
738359.1422385983,19,send_clear,738354.1422385983,738359.1422385983,,,
738626.1914899552,6,send_clear,738621.1914899552,738626.1914899552,,,
738886.8940816128,7,send_clear,738881.8940816128,738886.8940816128,,,
739136.2026954597,17,send_clear,739131.2026954597,739136.2026954597,,,
739369.1468629679,2,send_clear,739364.1468629679,739369.1468629679,,,
739582.5132637643,1,send_clear,739577.5132637643,739582.5132637643,,,
739775.8259605817,18,send_clear,739770.8259605817,739775.8259605817,,,
739951.2055521448,9,send_clear,739946.2055521448,739951.2055521448,,,
740112.3933576895,3,send_clear,740107.3933576895,740112.3933576895,,,
740471.0,11,send_clear,740466.0,740471.0,,,
740741.4267334362,15,send_clear,740736.4267334362,740741.4267334362,,,
741011.0197771717,16,send_clear,741006.0197771717,741011.0197771717,,,
741277.6608194165,14,send_clear,741272.6608194165,741277.6608194165,,,
741537.3523403872,8,send_clear,741532.3523403872,741537.3523403872,,,
741785.1928204953,10,send_clear,741780.1928204953,741785.1928204953,,,
742019.845112061,4,send_clear,742014.845112061,742019.845112061,,,
742246.5322255095,5,send_clear,742241.5322255095,742246.5322255095,,,
742478.3090188048,13,send_clear,742473.3090188048,742478.3090188048,,,
742819.0,0,send_clear,742814.0,742819.0,,,
743089.4459146982,12,send_clear,743084.4459146982,743089.4459146982,,,
743359.1846224034,19,send_clear,743354.1846224034,743359.1846224034,,,
743626.3683465776,6,send_clear,743621.3683465776,743626.3683465776,,,
743887.3949948611,7,send_clear,743882.3949948611,743887.3949948611,,,
744137.2895104298,17,send_clear,744132.2895104298,744137.2895104298,,,
744371.081195341,2,send_clear,744366.081195341,744371.081195341,,,
744585.4688603431,1,send_clear,744580.4688603431,744585.4688603431,,,
744779.8353055697,18,send_clear,744774.8353055697,744779.8353055697,,,
744956.164239816,9,send_clear,744951.164239816,744956.164239816,,,
745118.1091017958,3,send_clear,745113.1091017958,745118.1091017958,,,
745471.0,11,send_clear,745466.0,745471.0,,,
745741.4325967644,15,send_clear,745736.4325967644,745741.4325967644,,,
746011.0676181513,16,send_clear,746006.0676181513,746011.0676181513,,,
746277.8583593533,14,send_clear,746272.8583593533,746277.8583593533,,,
746537.9048413355,8,send_clear,746532.9048413355,746537.9048413355,,,
746786.3556215373,10,send_clear,746781.3556215373,746786.3556215373,,,
747021.6978375348,4,send_clear,747016.6978375348,747021.6978375348,,,
747248.8177061108,5,send_clear,747243.8177061108,747248.8177061108,,,
747480.3616531701,13,send_clear,747475.3616531701,747480.3616531701,,,
747819.0,0,send_clear,747814.0,747819.0,,,
748089.4508189632,12,send_clear,748084.4508189632,748089.4508189632,,,
748359.2251322314,19,send_clear,748354.2251322314,748359.2251322314,,,
748626.5383858603,6,send_clear,748621.5383858603,748626.5383858603,,,
748887.8793644111,7,send_clear,748882.8793644111,748887.8793644111,,,
749138.3462031289,17,send_clear,749133.3462031289,749138.3462031289,,,
749372.9716457303,2,send_clear,749367.9716457303,749372.9716457303,,,
749588.3711996125,1,send_clear,749583.3711996125,749588.3711996125,,,
749783.7893002718,18,send_clear,749778.7893002718,749783.7893002718,,,
749961.0726928388,9,send_clear,749956.0726928388,749961.0726928388,,,
750123.784481348,3,send_clear,750118.784481348,750123.784481348,,,
750471.0,11,send_clear,750466.0,750471.0,,,
750741.4381669261,15,send_clear,750736.4381669261,750741.4381669261,,,
751011.1133455901,16,send_clear,751006.1133455901,751011.1133455901,,,
751278.0483086652,14,send_clear,751273.0483086652,751278.0483086652,,,
751538.439214702,8,send_clear,751533.439214702,751538.439214702,,,
751787.4870011955,10,send_clear,751782.4870011955,751787.4870011955,,,
752023.5144957178,4,send_clear,752018.5144957178,752023.5144957178,,,
752251.0797455912,5,send_clear,752246.0797455912,752251.0797455912,,,
752482.4247577911,13,send_clear,752477.4247577911,752482.4247577911,,,
752819.0,0,send_clear,752814.0,752819.0,,,
753089.4554780151,12,send_clear,753084.4554780151,753089.4554780151,,,
753359.2638495206,19,send_clear,753354.2638495206,753359.2638495206,,,
753626.7018590433,6,send_clear,753621.7018590433,753626.7018590433,,,
753888.3476891427,7,send_clear,753883.3476891427,753888.3476891427,,,
754139.3734774296,17,send_clear,754134.3734774296,754139.3734774296,,,
754374.8189373153,2,send_clear,754369.8189373153,754374.8189373153,,,
754591.2207864977,1,send_clear,754586.2207864977,754591.2207864977,,,
754787.6880745831,18,send_clear,754782.6880745831,754787.6880745831,,,
754965.930661926,9,send_clear,754960.930661926,754965.930661926,,,
755129.4189903769,3,send_clear,755124.4189903769,755129.4189903769,,,
755471.0,11,send_clear,755466.0,755471.0,,,
755741.4434585798,15,send_clear,755736.4434585798,755741.4434585798,,,
756011.1570512395,16,send_clear,756006.1570512395,756011.1570512395,,,
756278.2309457939,14,send_clear,756273.2309457939,756278.2309457939,,,
756538.9560012566,8,send_clear,756533.9560012566,756538.9560012566,,,
756788.5876511986,10,send_clear,756783.5876511986,756788.5876511986,,,
757025.2953534919,4,send_clear,757020.2953534919,757025.2953534919,,,
757253.3177259862,5,send_clear,757248.3177259862,757253.3177259862,,,
757484.4966062008,13,send_clear,757479.4966062008,757484.4966062008,,,
757819.0,0,send_clear,757814.0,757819.0,,,
758089.4599041144,12,send_clear,758084.4599041144,758089.4599041144,,,
758359.3008522503,19,send_clear,758354.3008522503,758359.3008522503,,,
758626.8590087037,6,send_clear,758621.8590087037,758626.8590087037,,,
758888.8004551207,7,send_clear,758883.8004551207,758888.8004551207,,,
759140.3720263141,17,send_clear,759135.3720263141,759140.3720263141,,,
759376.6237917652,2,send_clear,759371.6237917652,759376.6237917652,,,
759594.018136761,1,send_clear,759589.018136761,759594.018136761,,,
759791.531777692,18,send_clear,759786.531777692,759791.531777692,,,
759970.7379177143,9,send_clear,759965.7379177143,759970.7379177143,,,
760135.0121367438,3,send_clear,760130.0121367438,760135.0121367438,,,
760471.0,11,send_clear,760466.0,760471.0,,,
760741.4484856508,15,send_clear,760736.4484856508,760741.4484856508,,,
761011.19882296,16,send_clear,761006.19882296,761011.19882296,,,
761278.4065396523,14,send_clear,761273.4065396523,761278.4065396523,,,
761539.4557281764,8,send_clear,761534.4557281764,761539.4557281764,,,
761789.6582550475,10,send_clear,761784.6582550475,761789.6582550475,,,
762027.0406985697,4,send_clear,762022.0406985697,762027.0406985697,,,
762255.5310746154,5,send_clear,762250.5310746154,762255.5310746154,,,
762486.5755296216,13,send_clear,762481.5755296216,762486.5755296216,,,
762819.0,0,send_clear,762814.0,762819.0,,,
763089.4641089087,12,send_clear,763084.4641089087,763089.4641089087,,,
763359.3362150833,19,send_clear,763354.3362150833,763359.3362150833,,,
763627.0100690227,6,send_clear,763622.0100690227,763627.0100690227,,,
763889.2381358158,7,send_clear,763884.2381358158,763889.2381358158,,,
764141.3425317892,17,send_clear,764136.3425317892,764141.3425317892,,,
764378.3869287664,2,send_clear,764373.3869287664,764378.3869287664,,,
764596.7637763612,1,send_clear,764591.7637763612,764596.7637763612,,,
764795.3205776255,18,send_clear,764790.3205776255,764795.3205776255,,,
764975.4942507099,9,send_clear,764970.4942507099,764975.4942507099,,,
765140.5634424421,3,send_clear,765135.5634424421,765140.5634424421,,,
765471.0,11,send_clear,765466.0,765471.0,,,
765741.4532613683,15,send_clear,765736.4532613683,765741.4532613683,,,
766011.2387448804,16,send_clear,766006.2387448804,766011.2387448804,,,
766278.5753499137,14,send_clear,766273.5753499137,766278.5753499137,,,
766539.9389092632,8,send_clear,766534.9389092632,766539.9389092632,,,
766790.6994877583,10,send_clear,766785.6994877583,766790.6994877583,,,
767028.7508380292,4,send_clear,767023.7508380292,767028.7508380292,,,
767257.7192627861,5,send_clear,767252.7192627861,767257.7192627861,,,
767488.6599162798,13,send_clear,767483.6599162798,767488.6599162798,,,
767819.0,0,send_clear,767814.0,767819.0,,,
768089.4681034632,12,send_clear,768084.4681034632,768089.4681034632,,,
768359.3700095023,19,send_clear,768354.3700095023,768359.3700095023,,,
768627.1552660466,6,send_clear,768622.1552660466,768627.1552660466,,,
768889.6611923274,7,send_clear,768884.6611923274,768889.6611923274,,,
769142.2856648162,17,send_clear,769137.2856648162,769142.2856648162,,,
769380.1090655689,2,send_clear,769375.1090655689,769380.1090655689,,,
769599.4582408216,1,send_clear,769594.4582408216,769599.4582408216,,,
769799.0546607854,18,send_clear,769794.0546607854,769799.0546607854,,,
769980.1994712136,9,send_clear,769975.1994712136,769980.1994712136,,,
770146.0724438807,3,send_clear,770141.0724438807,770146.0724438807,,,
770471.0,11,send_clear,770466.0,770471.0,,,
770741.4577983,15,send_clear,770736.4577983,770741.4577983,,,
771011.2768975514,16,send_clear,771006.2768975514,771011.2768975514,,,
771278.7376272955,14,send_clear,771273.7376272955,771278.7376272955,,,
771540.4060451648,8,send_clear,771535.4060451648,771540.4060451648,,,
771791.7120156287,10,send_clear,771786.7120156287,771791.7120156287,,,
772030.4260969092,4,send_clear,772025.4260969092,772030.4260969092,,,
772259.8818044922,5,send_clear,772254.8818044922,772259.8818044922,,,
772490.7482106904,13,send_clear,772485.7482106904,772490.7482106904,,,
772819.0,0,send_clear,772814.0,772819.0,,,
773089.47189829,12,send_clear,773084.47189829,773089.47189829,,,
773359.4023039417,19,send_clear,773354.4023039417,773359.4023039417,,,
773627.2948179414,6,send_clear,773622.2948179414,773627.2948179414,,,
773890.0700736081,7,send_clear,773885.0700736081,773890.0700736081,,,
774143.2020852558,17,send_clear,774138.2020852558,774143.2020852558,,,
774381.7909165532,2,send_clear,774376.7909165532,774381.7909165532,,,
774602.1020746082,1,send_clear,774597.1020746082,774602.1020746082,,,
774802.7342314766,18,send_clear,774797.7342314766,774802.7342314766,,,
774984.8534092268,9,send_clear,774979.8534092268,774984.8534092268,,,
775151.538692148,3,send_clear,775146.538692148,775151.538692148,,,
775471.0,11,send_clear,775466.0,775471.0,,,
775741.4621083849,15,send_clear,775736.4621083849,775741.4621083849,,,
776011.313358093,16,send_clear,776006.313358093,776011.313358093,,,
776278.8936138354,14,send_clear,776273.8936138354,776278.8936138354,,,
776540.8576235983,8,send_clear,776535.8576235983,776540.8576235983,,,
776792.6964960272,10,send_clear,776787.6964960272,776792.6964960272,,,
777032.0668168651,4,send_clear,777027.0668168651,777032.0668168651,,,
777262.0182551108,5,send_clear,777257.0182551108,777262.0182551108,,,
777492.8389129115,13,send_clear,777487.8389129115,777492.8389129115,,,
777819.0,0,send_clear,777814.0,777819.0,,,
778089.4755033755,12,send_clear,778084.4755033755,778089.4755033755,,,
778359.4331639133,19,send_clear,778354.4331639133,778359.4331639133,,,
778627.42893524,6,send_clear,778622.42893524,778627.42893524,,,
778890.4652166896,7,send_clear,778885.4652166896,778890.4652166896,,,
779144.0924418274,17,send_clear,779139.0924418274,779144.0924418274,,,
779383.4331928169,2,send_clear,779378.4331928169,779383.4331928169,,,
779604.6958305186,1,send_clear,779599.6958305186,779604.6958305186,,,
779806.3595114286,18,send_clear,779801.3595114286,779806.3595114286,,,
779989.4559143368,9,send_clear,779984.4559143368,779989.4559143368,,,
780156.9617532576,3,send_clear,780151.9617532576,780156.9617532576,,,
780471.0,11,send_clear,780466.0,780471.0,,,
780741.4662029657,15,send_clear,780736.4662029657,780741.4662029657,,,
781011.3482003367,16,send_clear,781006.3482003367,781011.3482003367,,,
781279.0435431605,14,send_clear,781274.0435431605,781279.0435431605,,,
781541.2941195765,8,send_clear,781536.2941195765,781541.2941195765,,,
781793.6535772047,10,send_clear,781788.6535772047,781793.6535772047,,,
782033.673354882,4,send_clear,782028.673354882,782033.673354882,,,
782264.1282100994,5,send_clear,782259.1282100994,782264.1282100994,,,
782494.9305777709,13,send_clear,782489.9305777709,782494.9305777709,,,
782819.0,0,send_clear,782814.0,782819.0,,,
783089.4789282067,12,send_clear,783084.4789282067,783089.4789282067,,,
783359.462652128,19,send_clear,783354.462652128,783359.462652128,,,
783627.5578210844,6,send_clear,783622.5578210844,783627.5578210844,,,
783890.8470469094,7,send_clear,783885.8470469094,783890.8470469094,,,
784144.9573720815,17,send_clear,784139.9573720815,784144.9573720815,,,
784385.0366017801,2,send_clear,784380.0366017801,784385.0366017801,,,
784607.2400690817,1,send_clear,784602.2400690817,784607.2400690817,,,
784809.9307393113,18,send_clear,784804.9307393113,784809.9307393113,,,
784994.0068555856,9,send_clear,784989.0068555856,784994.0068555856,,,
785162.3412083739,3,send_clear,785157.3412083739,785162.3412083739,,,
785471.0,11,send_clear,785466.0,785471.0,,,
785741.4700928174,15,send_clear,785736.4700928174,785741.4700928174,,,
786011.3814949607,16,send_clear,786006.3814949607,786011.3814949607,,,
786279.1876407505,14,send_clear,786274.1876407505,786279.1876407505,,,
786541.7159956351,8,send_clear,786536.7159956351,786541.7159956351,,,
786794.5838981261,10,send_clear,786789.5838981261,786794.5838981261,,,
787035.2460820442,4,send_clear,787030.2460820442,787035.2460820442,,,
787266.2113036966,5,send_clear,787261.2113036966,787266.2113036966,,,
787497.0218140671,13,send_clear,787492.0218140671,787497.0218140671,,,
787819.0,0,send_clear,787814.0,787819.0,,,
788089.4821817963,12,send_clear,788084.4821817963,788089.4821817963,,,
788359.4908286114,19,send_clear,788354.4908286114,788359.4908286114,,,
788627.6816714607,6,send_clear,788622.6816714607,788627.6816714607,,,
788891.215978137,7,send_clear,788886.215978137,788891.215978137,,,
789145.7975023843,17,send_clear,789140.7975023843,789145.7975023843,,,
789386.6018468103,2,send_clear,789381.6018468103,789386.6018468103,,,
789609.7353579681,1,send_clear,789604.7353579681,789609.7353579681,,,
789813.4481702441,18,send_clear,789808.4481702441,789813.4481702441,,,
789998.5061213186,9,send_clear,789993.5061213186,789998.5061213186,,,
790167.6766540211,3,send_clear,790162.6766540211,790167.6766540211,,,
790471.0,11,send_clear,790466.0,790471.0,,,
790741.4737881765,15,send_clear,790736.4737881765,790741.4737881765,,,
791011.4133096215,16,send_clear,791006.4133096215,791011.4133096215,,,
791279.3261241941,14,send_clear,791274.3261241941,791279.3261241941,,,
791542.1237020631,8,send_clear,791537.1237020631,791542.1237020631,,,
791795.488088323,10,send_clear,791790.488088323,791795.488088323,,,
792036.7853823581,4,send_clear,792031.7853823581,792036.7853823581,,,
792268.2672076297,5,send_clear,792263.2672076297,792268.2672076297,,,
792499.1112837453,13,send_clear,792494.1112837453,792499.1112837453,,,
792819.0,0,send_clear,792814.0,792819.0,,,
793089.4852727065,12,send_clear,793084.4852727065,793089.4852727065,,,
793359.5177508162,19,send_clear,793354.5177508162,793359.5177508162,,,
793627.8006754285,6,send_clear,793622.8006754285,793627.8006754285,,,
793891.5724130016,7,send_clear,793886.5724130016,793891.5724130016,,,
794146.6134479152,17,send_clear,794141.6134479152,794146.6134479152,,,
794388.1296268655,2,send_clear,794383.1296268655,794388.1296268655,,,
794612.182271413,1,send_clear,794607.182271413,794612.182271413,,,
794816.9120753026,18,send_clear,794811.9120753026,794816.9120753026,,,
795002.9536190177,9,send_clear,794997.9536190177,795002.9536190177,,,
795172.967702271,3,send_clear,795167.967702271,795172.967702271,,,
795471.0,11,send_clear,795466.0,795471.0,,,
795741.4772987678,15,send_clear,795736.4772987678,795741.4772987678,,,
796011.4437090788,16,send_clear,796006.4437090788,796011.4437090788,,,
796279.4592034384,14,send_clear,796274.4592034384,796279.4592034384,,,
796542.5176771319,8,send_clear,796537.5176771319,796542.5176771319,,,
796796.3667677635,10,send_clear,796791.3667677635,796796.3667677635,,,
797038.2916516284,4,send_clear,797033.2916516284,797038.2916516284,,,
797270.2956298296,5,send_clear,797265.2956298296,797270.2956298296,,,
797501.1977010495,13,send_clear,797496.1977010495,797501.1977010495,,,
797819.0,0,send_clear,797814.0,797819.0,,,
798089.4882090711,12,send_clear,798084.4882090711,798089.4882090711,,,
798359.5434737289,19,send_clear,798354.5434737289,798359.5434737289,,,
798627.9150153435,6,send_clear,798622.9150153435,798627.9150153435,,,
798891.9167431187,7,send_clear,798886.9167431187,798891.9167431187,,,
799147.4058126754,17,send_clear,799142.4058126754,799147.4058126754,,,
799389.620636156,2,send_clear,799384.620636156,799389.620636156,,,
799614.5813896502,1,send_clear,799609.5813896502,799614.5813896502,,,
799820.32274102,18,send_clear,799815.32274102,799820.32274102,,,
800007.3492751179,9,send_clear,800002.3492751179,800007.3492751179,,,
800178.2139809133,3,send_clear,800173.2139809133,800178.2139809133,,,
800471.0,11,send_clear,800466.0,800471.0,,,
800741.4806338294,15,send_clear,800736.4806338294,800741.4806338294,,,
801011.4727553164,16,send_clear,801006.4727553164,801011.4727553164,,,
801279.5870810322,14,send_clear,801274.5870810322,801279.5870810322,,,
801542.8983473269,8,send_clear,801537.8983473269,801542.8983473269,,,
801797.2205467417,10,send_clear,801792.2205467417,801797.2205467417,,,
802039.7652963841,4,send_clear,802034.7652963841,802039.7652963841,,,
802272.2963131573,5,send_clear,802267.2963131573,802272.2963131573,,,
802503.2798316549,13,send_clear,802498.2798316549,802503.2798316549,,,
802819.0,0,send_clear,802814.0,802819.0,,,
803089.4909986176,12,send_clear,803084.4909986176,803089.4909986176,,,
803359.5680499733,19,send_clear,803354.5680499733,803359.5680499733,,,
803628.0248670749,6,send_clear,803623.0248670749,803628.0248670749,,,
803892.2493493165,7,send_clear,803887.2493493165,803892.2493493165,,,
804148.1751895074,17,send_clear,804143.1751895074,804148.1751895074,,,
804391.0755638236,2,send_clear,804386.0755638236,804391.0755638236,,,
804616.9332983589,1,send_clear,804611.9332983589,804616.9332983589,,,
804823.680468887,18,send_clear,804818.680468887,804823.680468887,,,
805011.6930348063,9,send_clear,805006.6930348063,805011.6930348063,,,
805183.4151336079,3,send_clear,805178.4151336079,805183.4151336079,,,
805471.0,11,send_clear,805466.0,805471.0,,,
805741.4838021379,15,send_clear,805736.4838021379,805741.4838021379,,,
806011.5005076575,16,send_clear,806006.5005076575,806011.5005076575,,,
806279.7099523635,14,send_clear,806274.7099523635,806279.7099523635,,,
806543.2661275787,8,send_clear,806538.2661275787,806543.2661275787,,,
806798.0500257836,10,send_clear,806793.0500257836,806798.0500257836,,,
807041.2067328541,4,send_clear,807036.2067328541,807041.2067328541,,,
807274.2690341421,5,send_clear,807269.2690341421,807274.2690341421,,,
807505.3564917792,13,send_clear,807500.3564917792,807505.3564917792,,,
807819.0,0,send_clear,807814.0,807819.0,,,
808089.4936486867,12,send_clear,808084.4936486867,808089.4936486867,,,
808359.591529909,19,send_clear,808354.591529909,808359.591529909,,,
808628.1304002167,6,send_clear,808623.1304002167,808628.1304002167,,,
808892.5706018615,7,send_clear,808887.5706018615,808892.5706018615,,,
809148.9221601251,17,send_clear,809143.9221601251,809148.9221601251,,,
809392.4950936387,2,send_clear,809387.4950936387,809392.4950936387,,,
809619.2385881229,1,send_clear,809614.2385881229,809619.2385881229,,,
809826.9855748487,18,send_clear,809821.9855748487,809826.9855748487,,,
810015.9848618084,9,send_clear,810010.9848618084,810015.9848618084,,,
810188.570820018,3,send_clear,810183.570820018,810188.570820018,,,
810471.0,11,send_clear,810466.0,810471.0,,,
810741.486812031,15,send_clear,810736.486812031,810741.486812031,,,
811011.5270228762,16,send_clear,811006.5270228762,811011.5270228762,,,
811279.8280058892,14,send_clear,811274.8280058892,811279.8280058892,,,
811543.6214214942,8,send_clear,811538.6214214942,811543.6214214942,,,
811798.8557955691,10,send_clear,811793.8557955691,811798.8557955691,,,
812042.6163859898,4,send_clear,812037.6163859898,812042.6163859898,,,
812276.2136017345,5,send_clear,812271.2136017345,812276.2136017345,,,
812507.426547277,13,send_clear,812502.426547277,812507.426547277,,,
812819.0,0,send_clear,812814.0,812819.0,,,
813089.4961662523,12,send_clear,813084.4961662523,813089.4961662523,,,
813359.6139617262,19,send_clear,813354.6139617262,813359.6139617262,,,
813628.2317782921,6,send_clear,813623.2317782921,813628.2317782921,,,
813892.880860683,7,send_clear,813887.880860683,813892.880860683,,,
814149.647295153,17,send_clear,814144.647295153,814149.647295153,,,
814393.8799037144,2,send_clear,814388.8799037144,814393.8799037144,,,
814621.4978539024,1,send_clear,814616.4978539024,814621.4978539024,,,
814830.2383888015,18,send_clear,814825.2383888015,814830.2383888015,,,
815020.224738158,9,send_clear,815015.224738158,815020.224738158,,,
815193.680715925,3,send_clear,815188.680715925,815193.680715925,,,
815471.0,11,send_clear,815466.0,815471.0,,,
815741.4896714295,15,send_clear,815736.4896714295,815741.4896714295,,,
816011.5523553039,16,send_clear,816006.5523553039,816011.5523553039,,,
816279.9414233599,14,send_clear,816274.9414233599,816279.9414233599,,,
816543.9646215874,8,send_clear,816538.9646215874,816543.9646215874,,,
816799.6384368701,10,send_clear,816794.6384368701,816799.6384368701,,,
817043.9946885338,4,send_clear,817038.9946885338,817043.9946885338,,,
817278.1298560745,5,send_clear,817273.1298560745,817278.1298560745,,,
817509.4889127169,13,send_clear,817504.4889127169,817509.4889127169,,,
817819.0,0,send_clear,817814.0,817819.0,,,
818089.4985579397,12,send_clear,818084.4985579397,818089.4985579397,,,
818359.6353915369,19,send_clear,818354.6353915369,818359.6353915369,,,
818628.3291589543,6,send_clear,818623.3291589543,818628.3291589543,,,
818893.1804755966,7,send_clear,818888.1804755966,818893.1804755966,,,
819150.3511541751,17,send_clear,819145.3511541751,819150.3511541751,,,
819395.2306662374,2,send_clear,819390.2306662374,819395.2306662374,,,
819623.7116945192,1,send_clear,819618.7116945192,819623.7116945192,,,
819833.4392540874,18,send_clear,819828.4392540874,819833.4392540874,,,
820024.4126639545,9,send_clear,820019.4126639545,820024.4126639545,,,
820198.7445133264,3,send_clear,820193.7445133264,820198.7445133264,,,
820471.0,11,send_clear,820466.0,820471.0,,,
820741.492387858,15,send_clear,820736.492387858,820741.492387858,,,
821011.5765569316,16,send_clear,821006.5765569316,821011.5765569316,,,
821280.0503800384,14,send_clear,821275.0503800384,821280.0503800384,,,
821544.29610951,8,send_clear,821539.29610951,821544.29610951,,,
821800.398520502,10,send_clear,821795.398520502,821800.398520502,,,
822045.3420801322,4,send_clear,822040.3420801322,822045.3420801322,,,
822280.0176672774,5,send_clear,822275.0176672774,822280.0176672774,,,
822511.5425504448,13,send_clear,822506.5425504448,822511.5425504448,,,
822819.0,0,send_clear,822814.0,822819.0,,,
823089.5008300426,12,send_clear,823084.5008300426,823089.5008300426,,,
823359.6558634621,19,send_clear,823354.6558634621,823359.6558634621,,,
823628.4226941797,6,send_clear,823623.4226941797,823628.4226941797,,,
823893.4697865257,7,send_clear,823888.4697865257,823893.4697865257,,,
824151.0342857926,17,send_clear,824146.0342857926,824151.0342857926,,,
824396.5480472152,2,send_clear,824391.5480472152,824396.5480472152,,,
824625.880712154,1,send_clear,824620.880712154,824625.880712154,,,
824836.5885269907,18,send_clear,824831.5885269907,824836.5885269907,,,
825028.5486571064,9,send_clear,825023.5486571064,825028.5486571064,,,
825203.7619205154,3,send_clear,825198.7619205154,825203.7619205154,,,
825471.1652960258,11,send_clear,825466.1652960258,825471.1652960258,,,
825741.5032332664,15,send_clear,825736.5032332664,825741.5032332664,,,
826011.6000907484,16,send_clear,826006.6000907484,826011.6000907484,,,
826280.155065574,14,send_clear,826275.155065574,826280.155065574,,,
826544.6162573132,8,send_clear,826539.6162573132,826544.6162573132,,,
826801.1366073426,10,send_clear,826796.1366073426,826801.1366073426,,,
827046.6590064927,4,send_clear,827041.6590064927,827046.6590064927,,,
827281.8769342381,5,send_clear,827276.8769342381,827281.8769342381,,,
827513.5864696346,13,send_clear,827508.5864696346,827513.5864696346,,,
827819.0,0,send_clear,827814.0,827819.0,,,
828089.5029885406,12,send_clear,828084.5029885406,828089.5029885406,,,
828359.675419716,19,send_clear,828354.675419716,828359.675419716,,,
828628.5125304565,6,send_clear,828623.5125304565,828628.5125304565,,,
828893.7491237222,7,send_clear,828888.7491237222,828893.7491237222,,,
829151.6972276891,17,send_clear,829146.6972276891,829151.6972276891,,,
829397.832706239,2,send_clear,829392.832706239,829397.832706239,,,
829628.0055118583,1,send_clear,829623.0055118583,829628.0055118583,,,
829839.6865762341,18,send_clear,829834.6865762341,829839.6865762341,,,
830032.6327530628,9,send_clear,830027.6327530628,830032.6327530628,,,
830208.7326621428,3,send_clear,830203.7326621428,830208.7326621428,,,
830471.5708643317,11,send_clear,830466.5708643317,830471.5708643317,,,
830741.5338148196,15,send_clear,830736.5338148196,830741.5338148196,,,
831011.6239769519,16,send_clear,831006.6239769519,831011.6239769519,,,
831280.2557111429,14,send_clear,831275.2557111429,831280.2557111429,,,
831544.9254300047,8,send_clear,831539.9254300047,831544.9254300047,,,
831801.8532484757,10,send_clear,831796.8532484757,831801.8532484757,,,
832047.9459185918,4,send_clear,832042.9459185918,832047.9459185918,,,
832283.7075834558,5,send_clear,832278.7075834558,832283.7075834558,,,
832515.6197253256,13,send_clear,832510.6197253256,832515.6197253256,,,
832819.0,0,send_clear,832814.0,832819.0,,,
833089.5050391136,12,send_clear,833084.5050391136,833089.5050391136,,,
833359.6941006859,19,send_clear,833354.6941006859,833359.6941006859,,,
833628.598808968,6,send_clear,833623.598808968,833628.598808968,,,
833894.0188079845,7,send_clear,833889.0188079845,833894.0188079845,,,
834152.3405067038,17,send_clear,834147.3405067038,834152.3405067038,,,
834399.0852962622,2,send_clear,834394.0852962622,834399.0852962622,,,
834630.0867010785,1,send_clear,834625.0867010785,834630.0867010785,,,
834842.7337824763,18,send_clear,834837.7337824763,834842.7337824763,,,
835036.6650045335,9,send_clear,835031.6650045335,835036.6650045335,,,
835213.6564792624,3,send_clear,835208.6564792624,835213.6564792624,,,
835472.2023450782,11,send_clear,835467.2023450782,835472.2023450782,,,
835741.5944413326,15,send_clear,835736.5944413326,835741.5944413326,,,
836011.649700171,16,send_clear,836006.649700171,836011.649700171,,,
836280.3526105944,14,send_clear,836275.3526105944,836280.3526105944,,,
836545.2239890342,8,send_clear,836540.2239890342,836545.2239890342,,,
836802.5489855036,10,send_clear,836797.5489855036,836802.5489855036,,,
837049.2032719374,4,send_clear,837044.2032719374,837049.2032719374,,,
837285.50956788,5,send_clear,837280.50956788,837285.50956788,,,
837517.6414174533,13,send_clear,837512.6414174533,837517.6414174533,,,
837819.0,0,send_clear,837814.0,837819.0,,,
838089.5069871579,12,send_clear,838084.5069871579,838089.5069871579,,,
838359.7119450095,19,send_clear,838354.7119450095,838359.7119450095,,,
838628.68166577,6,send_clear,838623.68166577,838628.68166577,,,
838894.2791508738,7,send_clear,838889.2791508738,838894.2791508738,,,
839152.9646389124,17,send_clear,839147.9646389124,839152.9646389124,,,
839400.3064633947,2,send_clear,839395.3064633947,839400.3064633947,,,
839632.1248891943,1,send_clear,839627.1248891943,839632.1248891943,,,
839845.7305378122,18,send_clear,839840.7305378122,839845.7305378122,,,
840040.6454811974,9,send_clear,840035.6454811974,840040.6454811974,,,
840218.5331293591,3,send_clear,840213.5331293591,840218.5331293591,,,
840473.0460842922,11,send_clear,840468.0460842922,840473.0460842922,,,
840741.6942234806,15,send_clear,840736.6942234806,840741.6942234806,,,
841011.6791263365,16,send_clear,841006.6791263365,841011.6791263365,,,
841280.4461363815,14,send_clear,841275.4461363815,841280.4461363815,,,
841545.5122964015,8,send_clear,841540.5122964015,841545.5122964015,,,
841803.2243510485,10,send_clear,841798.2243510485,841803.2243510485,,,
842050.431525893,4,send_clear,842045.431525893,842050.431525893,,,
842287.2828657806,5,send_clear,842282.2828657806,842287.2828657806,,,
842519.6506898697,13,send_clear,842514.6506898697,842519.6506898697,,,
842819.0,0,send_clear,842814.0,842819.0,,,
843089.5088378,12,send_clear,843084.5088378,843089.5088378,,,
843359.7289896491,19,send_clear,843354.7289896491,843359.7289896491,,,
843628.761231964,6,send_clear,843623.761231964,843628.761231964,,,
843894.5304549283,7,send_clear,843889.5304549283,843894.5304549283,,,
844153.5701297132,17,send_clear,844148.5701297132,844153.5701297132,,,
844401.4968467106,2,send_clear,844396.4968467106,844401.4968467106,,,
844634.1206870701,1,send_clear,844629.1206870701,844634.1206870701,,,
844848.6772452751,18,send_clear,844843.6772452751,844848.6772452751,,,
845044.5742694013,9,send_clear,845039.5742694013,845044.5742694013,,,
845223.3623863612,3,send_clear,845218.3623863612,845223.3623863612,,,
845474.0890993957,11,send_clear,845469.0890993957,845474.0890993957,,,
845741.8411672764,15,send_clear,845736.8411672764,845741.8411672764,,,
846011.7144283835,16,send_clear,846006.7144283835,846011.7144283835,,,
846280.5367509816,14,send_clear,846275.5367509816,846280.5367509816,,,
846545.7907191305,8,send_clear,846540.7907191305,846545.7907191305,,,
846803.8798694526,10,send_clear,846798.8798694526,846803.8798694526,,,
847051.631143071,4,send_clear,847046.631143071,847051.631143071,,,
847289.0274796451,5,send_clear,847284.0274796451,847289.0274796451,,,
847521.6467293585,13,send_clear,847516.6467293585,847521.6467293585,,,
847819.0,0,send_clear,847814.0,847819.0,,,
848089.51059591,12,send_clear,848084.51059591,848089.51059591,,,
848359.7452699621,19,send_clear,848354.7452699621,848359.7452699621,,,
848628.8376338639,6,send_clear,848623.8376338639,848628.8376338639,,,
848894.7730138751,7,send_clear,848889.7730138751,848894.7730138751,,,
849154.1574739213,17,send_clear,849149.1574739213,849154.1574739213,,,
849402.6570780711,2,send_clear,849397.6570780711,849402.6570780711,,,
849636.0747066201,1,send_clear,849631.0747066201,849636.0747066201,,,
849851.5743183424,18,send_clear,849846.5743183424,849851.5743183424,,,
850048.4514718483,9,send_clear,850043.4514718483,850048.4514718483,,,
850228.1440406356,3,send_clear,850223.1440406356,850228.1440406356,,,
850475.3190464576,11,send_clear,850470.3190464576,850475.3190464576,,,
850742.0422612354,15,send_clear,850737.0422612354,850742.0422612354,,,
851011.7580200261,16,send_clear,851006.7580200261,851011.7580200261,,,
851280.6250144339,14,send_clear,851275.6250144339,851280.6250144339,,,
851546.0596338958,8,send_clear,851541.0596338958,851546.0596338958,,,
851804.5160576748,10,send_clear,851799.5160576748,851804.5160576748,,,
852052.8025888011,4,send_clear,852047.8025888011,852052.8025888011,,,
852290.7434351029,5,send_clear,852285.7434351029,852290.7434351029,,,
852523.6287646457,13,send_clear,852518.6287646457,852523.6287646457,,,
852819.0,0,send_clear,852814.0,852819.0,,,
853089.5122661145,12,send_clear,853084.5122661145,853089.5122661145,,,
853359.7608197697,19,send_clear,853354.7608197697,853359.7608197697,,,
853628.9109931592,6,send_clear,853623.9109931592,853628.9109931592,,,
853895.0071128394,7,send_clear,853890.0071128394,853895.0071128394,,,
854154.7271558673,17,send_clear,854149.7271558673,854154.7271558673,,,
854403.7877819609,2,send_clear,854398.7877819609,854403.7877819609,,,
854637.9875603871,1,send_clear,854632.9875603871,854637.9875603871,,,
854854.4221804446,18,send_clear,854849.4221804446,854854.4221804446,,,
855052.2772072781,9,send_clear,855047.2772072781,855052.2772072781,,,
855232.8778989677,3,send_clear,855227.8778989677,855232.8778989677,,,
855476.7241890831,11,send_clear,855471.7241890831,855476.7241890831,,,
855742.3035576278,15,send_clear,855737.3035576278,855742.3035576278,,,
856011.8124969063,16,send_clear,856006.8124969063,856011.8124969063,,,
856280.7115885575,14,send_clear,856275.7115885575,856280.7115885575,,,
856546.3194316288,8,send_clear,856541.3194316288,856546.3194316288,,,
856805.1334263724,10,send_clear,856800.1334263724,856805.1334263724,,,
857053.9463306797,4,send_clear,857048.9463306797,857053.9463306797,,,
857292.4307798817,5,send_clear,857287.4307798817,857292.4307798817,,,
857525.5960654075,13,send_clear,857520.5960654075,857525.5960654075,,,
857819.0,0,send_clear,857814.0,857819.0,,,
858089.5138528087,12,send_clear,858084.5138528087,858089.5138528087,,,
858359.7756714217,19,send_clear,858354.7756714217,858359.7756714217,,,
858628.9814270723,6,send_clear,858623.9814270723,858628.9814270723,,,
858895.233028551,7,send_clear,858890.233028551,858895.233028551,,,
859155.2796495014,17,send_clear,859150.2796495014,859155.2796495014,,,
859404.889575338,2,send_clear,859399.889575338,859404.889575338,,,
859639.8598611347,1,send_clear,859634.8598611347,859639.8598611347,,,
859857.2212644791,18,send_clear,859852.2212644791,859857.2212644791,,,
860056.0516101382,9,send_clear,860051.0516101382,860056.0516101382,,,
860237.5637845262,3,send_clear,860232.5637845262,860237.5637845262,,,
860478.2933688553,11,send_clear,860473.2933688553,860478.2933688553,,,
860742.6302481892,15,send_clear,860737.6302481892,860742.6302481892,,,
861011.8805844705,16,send_clear,861006.8805844705,861011.8805844705,,,
861280.797238353,14,send_clear,861275.797238353,861280.797238353,,,
861546.570521965,8,send_clear,861541.570521965,861546.570521965,,,
861805.732481152,10,send_clear,861800.732481152,861805.732481152,,,
862055.0628382033,4,send_clear,862050.0628382033,862055.0628382033,,,
862294.0895827977,5,send_clear,862289.0895827977,862294.0895827977,,,
862527.547941277,13,send_clear,862522.547941277,862527.547941277,,,
862819.0,0,send_clear,862814.0,862819.0,,,
863089.5153601683,12,send_clear,863084.5153601683,863089.5153601683,,,
863359.789855859,19,send_clear,863354.789855859,863359.789855859,,,
863629.0490485117,6,send_clear,863624.0490485117,863629.0490485117,,,
863895.451029549,7,send_clear,863890.451029549,863895.451029549,,,
864155.8154185038,17,send_clear,864150.8154185038,864155.8154185038,,,
864405.9630674963,2,send_clear,864400.9630674963,864405.9630674963,,,
864641.6922214527,1,send_clear,864636.6922214527,864641.6922214527,,,
864859.9720123278,18,send_clear,864854.9720123278,864859.9720123278,,,
865059.7748302476,9,send_clear,865054.7748302476,865059.7748302476,,,
865242.2015368122,3,send_clear,865237.2015368122,865242.2015368122,,,
865480.0159772531,11,send_clear,865475.0159772531,865480.0159772531,,,
865743.0267346425,15,send_clear,865738.0267346425,865743.0267346425,,,
866011.965091979,16,send_clear,866006.965091979,866011.965091979,,,
866280.8828310344,14,send_clear,866275.8828310344,866280.8828310344,,,
866546.8133374185,8,send_clear,866541.8133374185,866546.8133374185,,,
866806.3137239653,10,send_clear,866801.3137239653,866806.3137239653,,,
867056.1525824914,4,send_clear,867051.1525824914,867056.1525824914,,,
867295.7199327825,5,send_clear,867290.7199327825,867295.7199327825,,,
867529.4837408523,13,send_clear,867524.4837408523,867529.4837408523,,,
867819.0,0,send_clear,867814.0,867819.0,,,
868089.5167921599,12,send_clear,868084.5167921599,868089.5167921599,,,
868359.803402674,19,send_clear,868354.803402674,868359.803402674,,,
868629.1139662198,6,send_clear,868624.1139662198,868629.1139662198,,,
868895.6613763826,7,send_clear,868890.6613763826,868895.6613763826,,,
869156.3349163978,17,send_clear,869151.3349163978,869156.3349163978,,,
869407.0088599414,2,send_clear,869402.0088599414,869407.0088599414,,,
869643.4852533771,1,send_clear,869638.4852533771,869643.4852533771,,,
869862.6748743802,18,send_clear,869857.6748743802,869862.6748743802,,,
870063.4470324543,9,send_clear,870058.4470324543,870063.4470324543,,,
870246.7910115944,3,send_clear,870241.7910115944,870246.7910115944,,,
870481.8819289701,11,send_clear,870476.8819289701,870481.8819289701,,,
870743.4966943589,15,send_clear,870738.4966943589,870743.4966943589,,,
871012.068872098,16,send_clear,871007.068872098,871012.068872098,,,
871280.9693330876,14,send_clear,871275.9693330876,871280.9693330876,,,
871547.0483372019,8,send_clear,871542.0483372019,871547.0483372019,,,
871806.8776546272,10,send_clear,871801.8776546272,871806.8776546272,,,
872057.2160360982,4,send_clear,872052.2160360982,872057.2160360982,,,
872297.3219379482,5,send_clear,872292.3219379482,872297.3219379482,,,
872531.4028507072,13,send_clear,872526.4028507072,872531.4028507072,,,
872819.0,0,send_clear,872814.0,872819.0,,,
873089.5181525518,12,send_clear,873084.5181525518,873089.5181525518,,,
873359.8163401679,19,send_clear,873354.8163401679,873359.8163401679,,,
873629.1762849173,6,send_clear,873624.1762849173,873629.1762849173,,,
873895.8643218093,7,send_clear,873890.8643218093,873895.8643218093,,,
874156.8385866684,17,send_clear,874151.8385866684,874156.8385866684,,,
874408.0275462777,2,send_clear,874403.0275462777,874408.0275462777,,,
874645.2395680222,1,send_clear,874640.2395680222,874645.2395680222,,,
874865.3303090624,18,send_clear,874860.3303090624,874865.3303090624,,,
875067.0683962847,9,send_clear,875062.0683962847,875067.0683962847,,,
875251.3320808288,3,send_clear,875246.3320808288,875251.3320808288,,,
875483.881636563,11,send_clear,875478.881636563,875483.881636563,,,
875744.0431414691,15,send_clear,875739.0431414691,875744.0431414691,,,
876012.1947855665,16,send_clear,876007.1947855665,876012.1947855665,,,
876281.0578057115,14,send_clear,876276.0578057115,876281.0578057115,,,
876547.2760106274,8,send_clear,876542.2760106274,876547.2760106274,,,
876807.4247724272,10,send_clear,876802.4247724272,876807.4247724272,,,
877058.2536729147,4,send_clear,877053.2536729147,877058.2536729147,,,
877298.8957246966,5,send_clear,877293.8957246966,877298.8957246966,,,
877533.3046944067,13,send_clear,877528.3046944067,877533.3046944067,,,
877819.0,0,send_clear,877814.0,877819.0,,,
878089.5194449242,12,send_clear,878084.5194449242,878089.5194449242,,,
878359.8286954057,19,send_clear,878354.8286954057,878359.8286954057,,,
878629.2361054417,6,send_clear,878624.2361054417,878629.2361054417,,,
878896.0601109909,7,send_clear,878891.0601109909,878896.0601109909,,,
879157.3268628845,17,send_clear,879152.3268628845,879157.3268628845,,,
879409.0197121081,2,send_clear,879404.0197121081,879409.0197121081,,,
879646.9557752265,1,send_clear,879641.9557752265,879646.9557752265,,,
879867.9387823705,18,send_clear,879862.9387823705,879867.9387823705,,,
880070.639115589,9,send_clear,880065.639115589,880070.639115589,,,
880255.8246325669,3,send_clear,880250.8246325669,880255.8246325669,,,
880486.0059863632,11,send_clear,880481.0059863632,880486.0059863632,,,
880744.6684837139,15,send_clear,880739.6684837139,880744.6684837139,,,
881012.3456704739,16,send_clear,881007.3456704739,881012.3456704739,,,
881281.1493989497,14,send_clear,881276.1493989497,881281.1493989497,,,
881547.4968800435,8,send_clear,881542.4968800435,881547.4968800435,,,
881807.955577808,10,send_clear,881802.955577808,881807.955577808,,,
882059.2659681593,4,send_clear,882054.2659681593,882059.2659681593,,,
882300.4414368697,5,send_clear,882295.4414368697,882300.4414368697,,,
882535.1887315299,13,send_clear,882530.1887315299,882535.1887315299,,,
882819.0,0,send_clear,882814.0,882819.0,,,
883089.520672678,12,send_clear,883084.520672678,883089.520672678,,,
883359.8404942694,19,send_clear,883354.8404942694,883359.8404942694,,,
883629.2935248831,6,send_clear,883624.2935248831,883629.2935248831,,,
883896.2489816855,7,send_clear,883891.2489816855,883896.2489816855,,,
884157.8001688245,17,send_clear,884152.8001688245,884157.8001688245,,,
884409.9859349439,2,send_clear,884404.9859349439,884409.9859349439,,,
884648.6344832124,1,send_clear,884643.6344832124,884648.6344832124,,,
884870.5007674126,18,send_clear,884865.5007674126,884870.5007674126,,,
885074.1593981802,9,send_clear,885069.1593981802,885074.1593981802,,,
885260.2685708476,3,send_clear,885255.2685708476,885260.2685708476,,,
885488.2463155874,11,send_clear,885483.2463155874,885488.2463155874,,,
885745.3745753076,15,send_clear,885740.3745753076,885745.3745753076,,,
886012.5243157155,16,send_clear,886007.5243157155,886012.5243157155,,,
886281.245344788,14,send_clear,886276.245344788,886281.245344788,,,
886547.7115032808,8,send_clear,886542.7115032808,886547.7115032808,,,
886808.4705740816,10,send_clear,886803.4705740816,886808.4705740816,,,
887060.2533984554,4,send_clear,887055.2533984554,887060.2533984554,,,
887301.959234949,5,send_clear,887296.959234949,887301.959234949,,,
887537.0544567008,13,send_clear,887532.0544567008,887537.0544567008,,,
887819.0,0,send_clear,887814.0,887819.0,,,
888089.521839044,12,send_clear,888084.521839044,888089.521839044,,,
888359.8517615082,19,send_clear,888354.8517615082,888359.8517615082,,,
888629.3486367144,6,send_clear,888624.3486367144,888629.3486367144,,,
888896.431164437,7,send_clear,888891.431164437,888896.431164437,,,
889158.2589186052,17,send_clear,889153.2589186052,889158.2589186052,,,
889410.9267841269,2,send_clear,889405.9267841269,889410.9267841269,,,
889650.2762982581,1,send_clear,889645.2762982581,889650.2762982581,,,
889873.0167439549,18,send_clear,889868.0167439549,889873.0167439549,,,
890077.6294654689,9,send_clear,890072.6294654689,890077.6294654689,,,
890264.6638155787,3,send_clear,890259.6638155787,890264.6638155787,,,
890490.594390587,11,send_clear,890485.594390587,890490.594390587,,,
890746.1627660715,15,send_clear,890741.1627660715,890746.1627660715,,,
891012.7334382334,16,send_clear,891007.7334382334,891012.7334382334,,,
891281.3469494602,14,send_clear,891276.3469494602,891281.3469494602,,,
891547.9204755898,8,send_clear,891542.9204755898,891547.9204755898,,,
891808.9702691571,10,send_clear,891803.9702691571,891808.9702691571,,,
892061.2164419906,4,send_clear,892056.2164419906,892061.2164419906,,,
892303.449295301,5,send_clear,892298.449295301,892303.449295301,,,
892538.9013986308,13,send_clear,892533.9013986308,892538.9013986308,,,
892819.0,0,send_clear,892814.0,892819.0,,,
893089.5229470918,12,send_clear,893084.5229470918,893089.5229470918,,,
893359.8625207873,19,send_clear,893354.8625207873,893359.8625207873,,,
893629.4015309181,6,send_clear,893624.4015309181,893629.4015309181,,,
893896.606882761,7,send_clear,893891.606882761,893896.606882761,,,
894158.703516813,17,send_clear,894153.703516813,894158.703516813,,,
894411.8428207613,2,send_clear,894406.8428207613,894411.8428207613,,,
894651.8818243833,1,send_clear,894646.8818243833,894651.8818243833,,,
894875.4871979763,18,send_clear,894870.4871979763,894875.4871979763,,,
895081.0495520943,9,send_clear,895076.0495520943,895081.0495520943,,,
895269.0103024044,3,send_clear,895264.0103024044,895269.0103024044,,,
895493.0423861778,11,send_clear,895488.0423861778,895493.0423861778,,,
895747.0339470768,15,send_clear,895742.0339470768,895747.0339470768,,,
896012.9756636756,16,send_clear,896007.9756636756,896012.9756636756,,,
896281.455585171,14,send_clear,896276.455585171,896281.455585171,,,
896548.1244310689,8,send_clear,896543.1244310689,896548.1244310689,,,
896809.4551772526,10,send_clear,896804.4551772526,896809.4551772526,,,
897062.1555787537,4,send_clear,897057.1555787537,897062.1555787537,,,
897304.9118094736,5,send_clear,897299.9118094736,897304.9118094736,,,
897540.7291191729,13,send_clear,897535.7291191729,897540.7291191729,,,
897819.0,0,send_clear,897814.0,897819.0,,,
898089.5239997372,12,send_clear,898084.5239997372,898089.5239997372,,,
898359.8727947348,19,send_clear,898354.8727947348,898359.8727947348,,,
898629.4522941089,6,send_clear,898624.4522941089,898629.4522941089,,,
898896.7763533284,7,send_clear,898891.7763533284,898896.7763533284,,,
899159.1343586388,17,send_clear,899154.1343586388,899159.1343586388,,,
899412.7345976551,2,send_clear,899407.7345976551,899412.7345976551,,,
899653.4516630468,1,send_clear,899648.4516630468,899653.4516630468,,,
899877.9126212299,18,send_clear,899872.9126212299,899877.9126212299,,,
