time,oscillator_id,send_count,transmission_end_time,transmission_time_ms
224.0,39,1,244.544,20.544
270.0,1,1,290.544,20.544
356.0,48,1,376.544,20.544
438.0,24,1,458.544,20.544
541.0,32,1,561.544,20.544
596.0,22,1,616.544,20.544
629.0761511555122,34,1,649.6201511555122,20.544
658.658931517542,45,1,679.202931517542,20.544
703.0771534392492,12,1,723.6211534392492,20.544
890.0,41,1,910.544,20.544
1086.0,5,1,1106.544,20.544
1118.0,14,1,1138.544,20.544
1189.0,18,1,1209.544,20.544
1393.0,2,1,1413.544,20.544
1439.0,49,1,1459.544,20.544
1614.0,17,1,1634.544,20.544
2058.0,20,1,2078.544,20.544
2084.0,31,1,2104.544,20.544
2376.0,10,1,2396.544,20.544
2406.483773858491,46,1,2427.027773858491,20.544
2443.083649374022,9,1,2463.627649374022,20.544
2518.0,28,1,2538.544,20.544
2614.0,26,1,2634.544,20.544
2656.9889649150837,25,1,2677.5329649150835,20.544
2685.0,11,1,2705.544,20.544
2815.0,35,1,2835.544,20.544
2868.0,40,1,2888.544,20.544
2893.6502526345416,37,1,2914.1942526345415,20.544
2949.0,27,1,2969.544,20.544
3062.0,43,1,3082.544,20.544
3138.0,38,1,3158.544,20.544
3239.0,6,1,3259.544,20.544
3340.0,3,1,3360.544,20.544
3366.42865620908,19,1,3386.97265620908,20.544
3408.5198440155423,42,1,3429.063844015542,20.544
3563.0,36,1,3583.544,20.544
3597.0,13,1,3617.544,20.544
3660.0,23,1,3680.544,20.544
3782.0,15,1,3802.544,20.544
3886.0,30,1,3906.544,20.544
4048.0,0,1,4068.544,20.544
4238.0,21,1,4258.544,20.544
4304.0,16,1,4324.544,20.544
4330.601098993327,33,1,4351.145098993326,20.544
4519.0,47,1,4539.544,20.544
4647.0,4,1,4667.544,20.544
4809.0,8,1,4829.544,20.544
4839.0,44,1,4859.544,20.544
4881.0,29,1,4901.544,20.544
5224.0,39,2,5244.544,20.544
5270.0,1,2,5290.544,20.544
5356.0,48,2,5376.544,20.544
5438.0,24,2,5458.544,20.544
5541.0,32,2,5561.544,20.544
5596.0,22,2,5616.544,20.544
5635.0,45,2,5655.544,20.544
5681.0,12,2,5701.544,20.544
5710.166212990865,34,2,5730.710212990864,20.544
5890.0,41,2,5910.544,20.544
6086.0,5,2,6106.544,20.544
6118.0,14,2,6138.544,20.544
6189.0,18,2,6209.544,20.544
6393.0,2,2,6413.544,20.544
6439.0,49,2,6459.544,20.544
6614.0,17,2,6634.544,20.544
7058.0,20,2,7078.544,20.544
7084.0,31,2,7104.544,20.544
7376.0,10,2,7396.544,20.544
7405.939505103906,46,2,7426.483505103906,20.544
7442.71997607219,9,2,7463.2639760721895,20.544
7518.0,28,2,7538.544,20.544
7547.081023435831,7,1,7567.625023435831,20.544
7614.0,26,2,7634.544,20.544
7658.219275232541,25,2,7678.763275232541,20.544
7685.0,11,2,7705.544,20.544
7815.0,35,2,7835.544,20.544
7868.0,40,2,7888.544,20.544
7920.879775989914,37,2,7941.423775989914,20.544
7949.0,27,2,7969.544,20.544
8062.0,43,2,8082.544,20.544
8138.0,38,2,8158.544,20.544
8239.0,6,2,8259.544,20.544
8340.0,3,2,8360.544,20.544
8369.0,42,2,8389.544,20.544
8408.969471101811,19,2,8429.51347110181,20.544
8563.0,36,2,8583.544,20.544
8597.0,13,2,8617.544,20.544
8660.0,23,2,8680.544,20.544
8782.0,15,2,8802.544,20.544
8886.0,30,2,8906.544,20.544
9048.0,0,2,9068.544,20.544
9238.0,21,2,9258.544,20.544
9304.0,16,2,9324.544,20.544
9338.651952466627,33,2,9359.195952466627,20.544
9519.0,47,2,9539.544,20.544
9647.0,4,2,9667.544,20.544
9809.0,8,2,9829.544,20.544
9839.0,44,2,9859.544,20.544
9881.0,29,2,9901.544,20.544
10224.0,39,3,10244.544,20.544
10270.0,1,3,10290.544,20.544
10356.0,48,3,10376.544,20.544
10438.0,24,3,10458.544,20.544
10541.0,32,3,10561.544,20.544
10596.0,22,3,10616.544,20.544
10626.068008301247,34,3,10646.612008301247,20.544
10681.0,12,3,10701.544,20.544
10890.0,41,3,10910.544,20.544
11086.0,5,3,11106.544,20.544
11118.0,14,3,11138.544,20.544
11189.0,18,3,11209.544,20.544
11393.0,2,3,11413.544,20.544
11439.0,49,3,11459.544,20.544
11614.0,17,3,11634.544,20.544
12058.0,20,3,12078.544,20.544
12084.0,31,3,12104.544,20.544
12376.0,10,3,12396.544,20.544
12401.621485108797,46,3,12422.165485108797,20.544
12430.140153127271,9,3,12450.684153127271,20.544
12518.0,28,3,12538.544,20.544
12564.495942629741,7,2,12585.03994262974,20.544
12614.0,26,3,12634.544,20.544
12648.66313807054,25,3,12669.20713807054,20.544
12685.0,11,3,12705.544,20.544
12815.0,35,3,12835.544,20.544
12868.0,40,3,12888.544,20.544
12895.092260999614,37,3,12915.636260999614,20.544
12949.0,27,3,12969.544,20.544
13062.0,43,3,13082.544,20.544
13138.0,38,3,13158.544,20.544
13239.0,6,3,13259.544,20.544
13340.0,3,3,13360.544,20.544
13369.0,42,3,13389.544,20.544
13397.33603780684,19,3,13417.880037806839,20.544
13563.0,36,3,13583.544,20.544
13597.0,13,3,13617.544,20.544
13660.0,23,3,13680.544,20.544
13782.0,15,3,13802.544,20.544
13886.0,30,3,13906.544,20.544
14048.0,0,3,14068.544,20.544
14238.0,21,3,14258.544,20.544
14304.0,16,3,14324.544,20.544
14363.500429169719,33,3,14384.044429169719,20.544
14519.0,47,3,14539.544,20.544
14647.0,4,3,14667.544,20.544
14809.0,8,3,14829.544,20.544
14839.0,44,3,14859.544,20.544
14881.0,29,3,14901.544,20.544
15224.0,39,4,15244.544,20.544
15270.0,1,4,15290.544,20.544
15356.0,48,4,15376.544,20.544
15438.0,24,4,15458.544,20.544
15541.0,32,4,15561.544,20.544
15596.0,22,4,15616.544,20.544
15630.972129850028,34,4,15651.516129850028,20.544
15663.297436636847,45,3,15683.841436636847,20.544
15715.000567880963,12,4,15735.544567880963,20.544
15890.0,41,4,15910.544,20.544
16086.0,5,4,16106.544,20.544
16118.0,14,4,16138.544,20.544
16189.0,18,4,16209.544,20.544
16393.0,2,4,16413.544,20.544
16439.0,49,4,16459.544,20.544
16614.0,17,4,16634.544,20.544
17058.0,20,4,17078.544,20.544
17084.0,31,4,17104.544,20.544
17376.0,10,4,17396.544,20.544
17403.78707080306,46,4,17424.331070803062,20.544
17468.645863716083,9,4,17489.189863716085,20.544
17518.0,28,4,17538.544,20.544
17544.522000603698,7,3,17565.0660006037,20.544
17614.0,26,4,17634.544,20.544
17673.474772576024,25,4,17694.018772576026,20.544
17699.910319682956,11,4,17720.454319682958,20.544
17815.0,35,4,17835.544,20.544
17868.0,40,4,17888.544,20.544
17911.628660885635,37,4,17932.172660885637,20.544
17949.0,27,4,17969.544,20.544
18062.0,43,4,18082.544,20.544
18138.0,38,4,18158.544,20.544
18239.0,6,4,18259.544,20.544
18340.0,3,4,18360.544,20.544
18367.973642451412,19,4,18388.517642451414,20.544
18427.149182180427,42,4,18447.69318218043,20.544
18563.0,36,4,18583.544,20.544
18597.0,13,4,18617.544,20.544
18660.0,23,4,18680.544,20.544
18782.0,15,4,18802.544,20.544
18886.0,30,4,18906.544,20.544
19048.0,0,4,19068.544,20.544
19238.0,21,4,19258.544,20.544
19304.0,16,4,19324.544,20.544
19331.317752551888,33,4,19351.86175255189,20.544
19519.0,47,4,19539.544,20.544
19647.0,4,4,19667.544,20.544
19809.0,8,4,19829.544,20.544
19839.0,44,4,19859.544,20.544
19881.0,29,4,19901.544,20.544
20224.0,39,5,20244.544,20.544
20270.0,1,5,20290.544,20.544
20356.0,48,5,20376.544,20.544
20438.0,24,5,20458.544,20.544
20541.0,32,5,20561.544,20.544
20596.0,22,5,20616.544,20.544
20626.161096466618,34,5,20646.70509646662,20.544
20657.98868047294,45,4,20678.53268047294,20.544
20704.059523509983,12,5,20724.603523509984,20.544
20890.0,41,5,20910.544,20.544
21086.0,5,5,21106.544,20.544
21118.0,14,5,21138.544,20.544
21189.0,18,5,21209.544,20.544
21393.0,2,5,21413.544,20.544
21439.0,49,5,21459.544,20.544
21614.0,17,5,21634.544,20.544
22058.0,20,5,22078.544,20.544
22084.0,31,5,22104.544,20.544
22376.0,10,5,22396.544,20.544
22403.984659514706,46,5,22424.528659514708,20.544
22442.64458967473,9,5,22463.18858967473,20.544
22518.0,28,5,22538.544,20.544
22546.040535017517,7,4,22566.58453501752,20.544
22614.0,26,5,22634.544,20.544
22646.918065720514,25,5,22667.462065720516,20.544
22685.0,11,5,22705.544,20.544
22815.0,35,5,22835.544,20.544
22868.0,40,5,22888.544,20.544
22895.522158408672,37,5,22916.066158408674,20.544
22949.0,27,5,22969.544,20.544
23062.0,43,5,23082.544,20.544
23138.0,38,5,23158.544,20.544
23239.0,6,5,23259.544,20.544
23340.0,3,5,23360.544,20.544
23367.712818902357,19,5,23388.25681890236,20.544
23563.0,36,5,23583.544,20.544
23597.0,13,5,23617.544,20.544
23660.0,23,5,23680.544,20.544
23782.0,15,5,23802.544,20.544
23886.0,30,5,23906.544,20.544
24048.0,0,5,24068.544,20.544
24238.0,21,5,24258.544,20.544
24304.0,16,5,24324.544,20.544
24375.26523887216,33,5,24395.809238872163,20.544
24519.0,47,5,24539.544,20.544
24647.0,4,5,24667.544,20.544
24809.0,8,5,24829.544,20.544
24839.0,44,5,24859.544,20.544
24881.0,29,5,24901.544,20.544
25224.0,39,6,25244.544,20.544
25270.0,1,6,25290.544,20.544
25356.0,48,6,25376.544,20.544
25438.0,24,6,25458.544,20.544
25541.0,32,6,25561.544,20.544
25596.0,22,6,25616.544,20.544
25634.74724887042,34,6,25655.29124887042,20.544
25673.953026905678,45,5,25694.49702690568,20.544
25713.590303197037,12,6,25734.13430319704,20.544
25890.0,41,6,25910.544,20.544
26086.0,5,6,26106.544,20.544
26118.0,14,6,26138.544,20.544
26189.0,18,6,26209.544,20.544
26393.0,2,6,26413.544,20.544
26439.0,49,6,26459.544,20.544
26614.0,17,6,26634.544,20.544
27058.0,20,6,27078.544,20.544
27084.0,31,6,27104.544,20.544
27376.0,10,6,27396.544,20.544
27406.631895460334,46,6,27427.175895460336,20.544
27437.982161376396,9,6,27458.526161376398,20.544
27518.0,28,6,27538.544,20.544
27569.74550203746,7,5,27590.28950203746,20.544
27614.0,26,6,27634.544,20.544
27672.260648893793,25,6,27692.804648893794,20.544
27704.76266242526,11,6,27725.30666242526,20.544
27815.0,35,6,27835.544,20.544
27868.0,40,6,27888.544,20.544
27905.83691043962,37,6,27926.38091043962,20.544
27949.0,27,6,27969.544,20.544
28062.0,43,6,28082.544,20.544
28138.0,38,6,28158.544,20.544
28239.0,6,6,28259.544,20.544
28340.0,3,6,28360.544,20.544
28369.0,42,5,28389.544,20.544
28460.280857801623,19,6,28480.824857801625,20.544
28563.0,36,6,28583.544,20.544
28597.0,13,6,28617.544,20.544
28660.0,23,6,28680.544,20.544
28782.0,15,6,28802.544,20.544
28886.0,30,6,28906.544,20.544
29048.0,0,6,29068.544,20.544
29238.0,21,6,29258.544,20.544
29304.0,16,6,29324.544,20.544
29339.862534475604,33,6,29360.406534475605,20.544
29519.0,47,6,29539.544,20.544
29647.0,4,6,29667.544,20.544
29809.0,8,6,29829.544,20.544
29839.0,44,6,29859.544,20.544
29881.0,29,6,29901.544,20.544
30224.0,39,7,30244.544,20.544
30270.0,1,7,30290.544,20.544
30356.0,48,7,30376.544,20.544
30438.0,24,7,30458.544,20.544
30541.0,32,7,30561.544,20.544
30596.0,22,7,30616.544,20.544
30628.025721513804,34,7,30648.569721513806,20.544
30672.901393786105,45,6,30693.445393786107,20.544
30703.922837351816,12,7,30724.466837351818,20.544
30890.0,41,7,30910.544,20.544
31086.0,5,7,31106.544,20.544
31118.0,14,7,31138.544,20.544
31189.0,18,7,31209.544,20.544
31393.0,2,7,31413.544,20.544
31439.0,49,7,31459.544,20.544
31614.0,17,7,31634.544,20.544
32058.0,20,7,32078.544,20.544
32084.0,31,7,32104.544,20.544
32376.0,10,7,32396.544,20.544
32418.0,9,7,32438.544,20.544
32518.0,28,7,32538.544,20.544
32543.55953398623,7,6,32564.103533986232,20.544
32614.0,26,7,32634.544,20.544
32657.003077766796,25,7,32677.547077766798,20.544
32685.0,11,7,32705.544,20.544
32815.0,35,7,32835.544,20.544
32868.0,40,7,32888.544,20.544
32922.61168023661,37,7,32943.15568023661,20.544
32949.0,27,7,32969.544,20.544
33062.0,43,7,33082.544,20.544
33138.0,38,7,33158.544,20.544
33239.0,6,7,33259.544,20.544
33340.0,3,7,33360.544,20.544
33369.0,42,6,33389.544,20.544
33395.35385977497,19,7,33415.897859774974,20.544
33563.0,36,7,33583.544,20.544
33597.0,13,7,33617.544,20.544
33660.0,23,7,33680.544,20.544
33782.0,15,7,33802.544,20.544
33886.0,30,7,33906.544,20.544
34048.0,0,7,34068.544,20.544
34238.0,21,7,34258.544,20.544
34304.0,16,7,34324.544,20.544
34390.05757429926,33,7,34410.60157429926,20.544
34519.0,47,7,34539.544,20.544
34647.0,4,7,34667.544,20.544
34809.0,8,7,34829.544,20.544
34839.0,44,7,34859.544,20.544
34881.0,29,7,34901.544,20.544
35224.0,39,8,35244.544,20.544
35270.0,1,8,35290.544,20.544
35356.0,48,8,35376.544,20.544
35438.0,24,8,35458.544,20.544
35541.0,32,8,35561.544,20.544
35596.0,22,8,35616.544,20.544
35623.84595290763,34,8,35644.38995290763,20.544
35669.41615492414,45,7,35689.96015492414,20.544
35734.52487276408,12,8,35755.06887276408,20.544
35890.0,41,8,35910.544,20.544
36086.0,5,8,36106.544,20.544
36118.0,14,8,36138.544,20.544
36189.0,18,8,36209.544,20.544
36393.0,2,8,36413.544,20.544
36439.0,49,8,36459.544,20.544
36614.0,17,8,36634.544,20.544
37058.0,20,8,37078.544,20.544
37084.0,31,8,37104.544,20.544
37376.0,10,8,37396.544,20.544
37418.0,9,8,37438.544,20.544
37475.2252231831,46,7,37495.7692231831,20.544
37518.0,28,8,37538.544,20.544
37575.64337564091,7,7,37596.18737564091,20.544
37614.0,26,8,37634.544,20.544
37654.08153096425,25,8,37674.62553096425,20.544
37685.0,11,8,37705.544,20.544
37815.0,35,8,37835.544,20.544
37868.0,40,8,37888.544,20.544
37894.79971138567,37,8,37915.34371138567,20.544
37949.0,27,8,37969.544,20.544
38062.0,43,8,38082.544,20.544
38138.0,38,8,38158.544,20.544
38239.0,6,8,38259.544,20.544
38340.0,3,8,38360.544,20.544
38366.144993724156,19,8,38386.68899372416,20.544
38412.630341604665,42,7,38433.17434160467,20.544
38563.0,36,8,38583.544,20.544
38597.0,13,8,38617.544,20.544
38660.0,23,8,38680.544,20.544
38782.0,15,8,38802.544,20.544
38886.0,30,8,38906.544,20.544
39048.0,0,8,39068.544,20.544
39238.0,21,8,39258.544,20.544
39304.0,16,8,39324.544,20.544
39343.79126494602,33,8,39364.33526494602,20.544
39519.0,47,8,39539.544,20.544
39647.0,4,8,39667.544,20.544
39809.0,8,8,39829.544,20.544
39839.0,44,8,39859.544,20.544
39881.0,29,8,39901.544,20.544
40224.0,39,9,40244.544,20.544
40270.0,1,9,40290.544,20.544
40356.0,48,9,40376.544,20.544
40438.0,24,9,40458.544,20.544
40541.0,32,9,40561.544,20.544
40596.0,22,9,40616.544,20.544
40634.30378546878,34,9,40654.84778546878,20.544
40675.23744950844,45,8,40695.78144950844,20.544
40713.68966433775,12,9,40734.23366433775,20.544
40890.0,41,9,40910.544,20.544
41086.0,5,9,41106.544,20.544
41118.0,14,9,41138.544,20.544
41189.0,18,9,41209.544,20.544
41393.0,2,9,41413.544,20.544
41439.0,49,9,41459.544,20.544
41614.0,17,9,41634.544,20.544
42058.0,20,9,42078.544,20.544
42084.0,31,9,42104.544,20.544
42376.0,10,9,42396.544,20.544
42411.24783982364,46,8,42431.79183982364,20.544
42439.73284559294,9,9,42460.27684559294,20.544
42518.0,28,9,42538.544,20.544
42545.760517651834,7,8,42566.304517651835,20.544
42614.0,26,9,42634.544,20.544
42657.85839310505,25,9,42678.402393105054,20.544
42685.0,11,9,42705.544,20.544
42815.0,35,9,42835.544,20.544
42868.0,40,9,42888.544,20.544
42922.16521530621,37,9,42942.70921530621,20.544
42949.0,27,9,42969.544,20.544
43062.0,43,9,43082.544,20.544
43138.0,38,9,43158.544,20.544
43239.0,6,9,43259.544,20.544
43340.0,3,9,43360.544,20.544
43369.0,42,8,43389.544,20.544
43416.29312202155,19,9,43436.83712202155,20.544
43563.0,36,9,43583.544,20.544
43597.0,13,9,43617.544,20.544
43660.0,23,9,43680.544,20.544
43782.0,15,9,43802.544,20.544
43886.0,30,9,43906.544,20.544
44048.0,0,9,44068.544,20.544
44238.0,21,9,44258.544,20.544
44304.0,16,9,44324.544,20.544
44336.71406160608,33,9,44357.25806160608,20.544
44519.0,47,9,44539.544,20.544
44647.0,4,9,44667.544,20.544
44809.0,8,9,44829.544,20.544
44839.0,44,9,44859.544,20.544
44881.0,29,9,44901.544,20.544
45224.0,39,10,45244.544,20.544
45270.0,1,10,45290.544,20.544
45356.0,48,10,45376.544,20.544
45438.0,24,10,45458.544,20.544
45541.0,32,10,45561.544,20.544
45596.0,22,10,45616.544,20.544
45635.0,45,9,45655.544,20.544
45681.0,12,10,45701.544,20.544
45890.0,41,10,45910.544,20.544
46086.0,5,10,46106.544,20.544
46118.0,14,10,46138.544,20.544
46189.0,18,10,46209.544,20.544
46393.0,2,10,46413.544,20.544
46439.0,49,10,46459.544,20.544
46614.0,17,10,46634.544,20.544
47058.0,20,10,47078.544,20.544
47084.0,31,10,47104.544,20.544
47376.0,10,10,47396.544,20.544
47418.0,9,10,47438.544,20.544
47443.6977502719,46,9,47464.2417502719,20.544
47518.0,28,10,47538.544,20.544
47568.75272447035,7,9,47589.296724470354,20.544
47614.0,26,10,47634.544,20.544
47656.083066693755,25,10,47676.627066693756,20.544
47685.0,11,10,47705.544,20.544
47815.0,35,10,47835.544,20.544
47868.0,40,10,47888.544,20.544
47949.0,27,10,47969.544,20.544
47981.73139571951,37,10,48002.27539571951,20.544
48062.0,43,10,48082.544,20.544
48138.0,38,10,48158.544,20.544
48239.0,6,10,48259.544,20.544
48340.0,3,10,48360.544,20.544
48366.880083718126,19,10,48387.42408371813,20.544
48410.28667118309,42,9,48430.83067118309,20.544
48563.0,36,10,48583.544,20.544
48597.0,13,10,48617.544,20.544
48660.0,23,10,48680.544,20.544
48782.0,15,10,48802.544,20.544
48886.0,30,10,48906.544,20.544
49048.0,0,10,49068.544,20.544
49238.0,21,10,49258.544,20.544
49304.0,16,10,49324.544,20.544
49332.93214024447,33,10,49353.47614024447,20.544
49519.0,47,10,49539.544,20.544
49647.0,4,10,49667.544,20.544
49809.0,8,10,49829.544,20.544
49839.0,44,10,49859.544,20.544
49881.0,29,10,49901.544,20.544
50224.0,39,11,50244.544,20.544
50270.0,1,11,50290.544,20.544
50356.0,48,11,50376.544,20.544
50438.0,24,11,50458.544,20.544
50541.0,32,11,50561.544,20.544
50596.0,22,11,50616.544,20.544
50629.87486278904,34,10,50650.41886278904,20.544
50657.80591674324,45,10,50678.34991674324,20.544
50690.529988152965,12,11,50711.073988152966,20.544
50890.0,41,11,50910.544,20.544
51086.0,5,11,51106.544,20.544
51118.0,14,11,51138.544,20.544
51189.0,18,11,51209.544,20.544
51393.0,2,11,51413.544,20.544
51439.0,49,11,51459.544,20.544
51614.0,17,11,51634.544,20.544
52058.0,20,11,52078.544,20.544
52084.0,31,11,52104.544,20.544
52376.0,10,11,52396.544,20.544
52418.0,9,11,52438.544,20.544
52484.36204955085,46,10,52504.90604955085,20.544
52518.0,28,11,52538.544,20.544
52546.77130520919,7,10,52567.315305209195,20.544
52614.0,26,11,52634.544,20.544
52642.30229678725,25,11,52662.846296787255,20.544
52685.0,11,11,52705.544,20.544
52815.0,35,11,52835.544,20.544
52868.0,40,11,52888.544,20.544
52904.152399286235,37,11,52924.69639928624,20.544
52949.0,27,11,52969.544,20.544
53062.0,43,11,53082.544,20.544
53138.0,38,11,53158.544,20.544
53239.0,6,11,53259.544,20.544
53340.0,3,11,53360.544,20.544
53369.0,42,10,53389.544,20.544
53405.251151453005,19,11,53425.79515145301,20.544
53563.0,36,11,53583.544,20.544
53597.0,13,11,53617.544,20.544
53660.0,23,11,53680.544,20.544
53782.0,15,11,53802.544,20.544
53886.0,30,11,53906.544,20.544
54048.0,0,11,54068.544,20.544
54238.0,21,11,54258.544,20.544
54304.0,16,11,54324.544,20.544
54360.186043738846,33,11,54380.73004373885,20.544
54519.0,47,11,54539.544,20.544
54647.0,4,11,54667.544,20.544
54809.0,8,11,54829.544,20.544
54839.0,44,11,54859.544,20.544
54881.0,29,11,54901.544,20.544
55224.0,39,12,55244.544,20.544
55270.0,1,12,55290.544,20.544
55356.0,48,12,55376.544,20.544
55438.0,24,12,55458.544,20.544
55541.0,32,12,55561.544,20.544
55596.0,22,12,55616.544,20.544
55634.89366045903,34,11,55655.43766045903,20.544
55675.942740442064,45,11,55696.486740442066,20.544
55724.86170296355,12,12,55745.40570296355,20.544
55890.0,41,12,55910.544,20.544
56086.0,5,12,56106.544,20.544
56118.0,14,12,56138.544,20.544
56189.0,18,12,56209.544,20.544
56393.0,2,12,56413.544,20.544
56439.0,49,12,56459.544,20.544
56614.0,17,12,56634.544,20.544
57058.0,20,12,57078.544,20.544
57084.0,31,12,57104.544,20.544
57376.0,10,12,57396.544,20.544
57418.0,9,12,57438.544,20.544
57478.52418294963,46,11,57499.06818294963,20.544
57518.0,28,12,57538.544,20.544
57574.28609404759,7,11,57594.83009404759,20.544
57614.0,26,12,57634.544,20.544
57654.77358197533,25,12,57675.31758197533,20.544
57685.0,11,12,57705.544,20.544
57815.0,35,12,57835.544,20.544
57868.0,40,12,57888.544,20.544
57904.765849447314,37,12,57925.309849447316,20.544
57949.0,27,12,57969.544,20.544
58062.0,43,12,58082.544,20.544
58138.0,38,12,58158.544,20.544
58239.0,6,12,58259.544,20.544
58340.0,3,12,58360.544,20.544
58369.0,42,11,58389.544,20.544
58482.92916880256,19,12,58503.473168802564,20.544
58563.0,36,12,58583.544,20.544
58597.0,13,12,58617.544,20.544
58660.0,23,12,58680.544,20.544
58782.0,15,12,58802.544,20.544
58886.0,30,12,58906.544,20.544
59048.0,0,12,59068.544,20.544
59238.0,21,12,59258.544,20.544
59304.0,16,12,59324.544,20.544
59349.302403114496,33,12,59369.8464031145,20.544
59519.0,47,12,59539.544,20.544
59647.0,4,12,59667.544,20.544
59809.0,8,12,59829.544,20.544
59839.0,44,12,59859.544,20.544
59881.0,29,12,59901.544,20.544
60224.0,39,13,60244.544,20.544
60270.0,1,13,60290.544,20.544
60356.0,48,13,60376.544,20.544
60438.0,24,13,60458.544,20.544
60541.0,32,13,60561.544,20.544
60596.0,22,13,60616.544,20.544
60621.62442819209,34,12,60642.16842819209,20.544
60673.81098574381,45,12,60694.35498574381,20.544
60739.42795098539,12,13,60759.97195098539,20.544
60890.0,41,13,60910.544,20.544
61086.0,5,13,61106.544,20.544
61118.0,14,13,61138.544,20.544
61189.0,18,13,61209.544,20.544
61393.0,2,13,61413.544,20.544
61439.0,49,13,61459.544,20.544
61614.0,17,13,61634.544,20.544
62058.0,20,13,62078.544,20.544
62084.0,31,13,62104.544,20.544
62376.0,10,13,62396.544,20.544
62402.72580524951,46,12,62423.26980524951,20.544
62454.03962209606,9,13,62474.58362209606,20.544
62518.0,28,13,62538.544,20.544
62573.55631303644,7,12,62594.10031303644,20.544
62614.0,26,13,62634.544,20.544
62654.29060227503,25,13,62674.834602275034,20.544
62685.0,11,13,62705.544,20.544
62815.0,35,13,62835.544,20.544
62868.0,40,13,62888.544,20.544
62894.6076471888,37,13,62915.1516471888,20.544
62949.0,27,13,62969.544,20.544
63062.0,43,13,63082.544,20.544
63138.0,38,13,63158.544,20.544
63239.0,6,13,63259.544,20.544
63340.0,3,13,63360.544,20.544
63368.26186720495,19,13,63388.80586720495,20.544
63413.10696406613,42,12,63433.65096406613,20.544
63563.0,36,13,63583.544,20.544
63597.0,13,13,63617.544,20.544
63660.0,23,13,63680.544,20.544
63782.0,15,13,63802.544,20.544
63886.0,30,13,63906.544,20.544
64048.0,0,13,64068.544,20.544
64238.0,21,13,64258.544,20.544
64304.0,16,13,64324.544,20.544
64339.20453703936,33,13,64359.74853703936,20.544
64519.0,47,13,64539.544,20.544
64647.0,4,13,64667.544,20.544
64809.0,8,13,64829.544,20.544
64839.0,44,13,64859.544,20.544
64881.0,29,13,64901.544,20.544
65224.0,39,14,65244.544,20.544
65270.0,1,14,65290.544,20.544
65356.0,48,14,65376.544,20.544
65438.0,24,14,65458.544,20.544
65541.0,32,14,65561.544,20.544
65596.0,22,14,65616.544,20.544
65635.0,45,13,65655.544,20.544
65681.0,12,14,65701.544,20.544
65725.28424417139,34,13,65745.82824417138,20.544
65890.0,41,14,65910.544,20.544
66086.0,5,14,66106.544,20.544
66118.0,14,14,66138.544,20.544
66189.0,18,14,66209.544,20.544
66393.0,2,14,66413.544,20.544
66439.0,49,14,66459.544,20.544
66614.0,17,14,66634.544,20.544
67058.0,20,14,67078.544,20.544
67084.0,31,14,67104.544,20.544
67376.0,10,14,67396.544,20.544
67403.88574512259,46,13,67424.42974512259,20.544
67443.82932141586,9,14,67464.37332141586,20.544
67518.0,28,14,67538.544,20.544
67553.96295742303,7,13,67574.50695742303,20.544
67614.0,26,14,67634.544,20.544
67656.30696502262,25,14,67676.85096502262,20.544
67685.0,11,14,67705.544,20.544
67815.0,35,14,67835.544,20.544
67868.0,40,14,67888.544,20.544
67945.31464525615,37,14,67965.85864525614,20.544
67985.50894721143,27,14,68006.05294721143,20.544
68062.0,43,14,68082.544,20.544
68138.0,38,14,68158.544,20.544
68239.0,6,14,68259.544,20.544
68340.0,3,14,68360.544,20.544
68365.78674647235,19,14,68386.33074647235,20.544
68392.67441483347,42,13,68413.21841483346,20.544
68563.0,36,14,68583.544,20.544
68597.0,13,14,68617.544,20.544
68660.0,23,14,68680.544,20.544
68782.0,15,14,68802.544,20.544
68886.0,30,14,68906.544,20.544
69048.0,0,14,69068.544,20.544
69238.0,21,14,69258.544,20.544
69304.0,16,14,69324.544,20.544
69344.65563120565,33,14,69365.19963120564,20.544
69519.0,47,14,69539.544,20.544
69647.0,4,14,69667.544,20.544
69809.0,8,14,69829.544,20.544
69839.0,44,14,69859.544,20.544
69881.0,29,14,69901.544,20.544
70224.0,39,15,70244.544,20.544
70270.0,1,15,70290.544,20.544
70356.0,48,15,70376.544,20.544
70438.0,24,15,70458.544,20.544
70541.0,32,15,70561.544,20.544
70596.0,22,15,70616.544,20.544
70635.0,45,14,70655.544,20.544
70667.27763157125,34,14,70687.82163157125,20.544
70711.33334146165,12,15,70731.87734146164,20.544
70890.0,41,15,70910.544,20.544
71086.0,5,15,71106.544,20.544
71118.0,14,15,71138.544,20.544
71189.0,18,15,71209.544,20.544
71393.0,2,15,71413.544,20.544
71439.0,49,15,71459.544,20.544
71614.0,17,15,71634.544,20.544
72058.0,20,15,72078.544,20.544
72084.0,31,15,72104.544,20.544
72376.0,10,15,72396.544,20.544
72409.8843202153,46,14,72430.42832021529,20.544
72443.50998498622,9,15,72464.05398498621,20.544
72518.0,28,15,72538.544,20.544
72547.67503708768,7,14,72568.21903708768,20.544
72614.0,26,15,72634.544,20.544
72641.726719721,25,15,72662.270719721,20.544
72685.0,11,15,72705.544,20.544
72815.0,35,15,72835.544,20.544
72868.0,40,15,72888.544,20.544
72933.85942525967,37,15,72954.40342525966,20.544
72977.85536288281,27,15,72998.3993628828,20.544
73062.0,43,15,73082.544,20.544
73138.0,38,15,73158.544,20.544
73239.0,6,15,73259.544,20.544
73340.0,3,15,73360.544,20.544
73369.0,42,14,73389.544,20.544
73411.0648324897,19,15,73431.6088324897,20.544
73563.0,36,15,73583.544,20.544
73597.0,13,15,73617.544,20.544
73660.0,23,15,73680.544,20.544
73782.0,15,15,73802.544,20.544
73886.0,30,15,73906.544,20.544
74048.0,0,15,74068.544,20.544
74238.0,21,15,74258.544,20.544
74304.0,16,15,74324.544,20.544
74359.58013729035,33,15,74380.12413729035,20.544
74519.0,47,15,74539.544,20.544
74647.0,4,15,74667.544,20.544
74809.0,8,15,74829.544,20.544
74839.0,44,15,74859.544,20.544
74881.0,29,15,74901.544,20.544
75224.0,39,16,75244.544,20.544
75270.0,1,16,75290.544,20.544
75356.0,48,16,75376.544,20.544
75438.0,24,16,75458.544,20.544
75541.0,32,16,75561.544,20.544
75596.0,22,16,75616.544,20.544
75621.75333413627,34,15,75642.29733413627,20.544
75657.14790958099,45,15,75677.69190958099,20.544
75702.31911316347,12,16,75722.86311316346,20.544
75890.0,41,16,75910.544,20.544
76086.0,5,16,76106.544,20.544
76118.0,14,16,76138.544,20.544
76189.0,18,16,76209.544,20.544
76393.0,2,16,76413.544,20.544
76439.0,49,16,76459.544,20.544
76614.0,17,16,76634.544,20.544
77058.0,20,16,77078.544,20.544
77084.0,31,16,77104.544,20.544
77376.0,10,16,77396.544,20.544
77418.0,9,16,77438.544,20.544
77518.0,28,16,77538.544,20.544
77544.77555327899,7,15,77565.31955327898,20.544
77614.0,26,16,77634.544,20.544
77644.18545230385,25,16,77664.72945230384,20.544
77685.0,11,16,77705.544,20.544
77815.0,35,16,77835.544,20.544
77868.0,40,16,77888.544,20.544
77911.60101782814,37,16,77932.14501782814,20.544
77949.0,27,16,77969.544,20.544
78062.0,43,16,78082.544,20.544
78138.0,38,16,78158.544,20.544
78239.0,6,16,78259.544,20.544
78340.0,3,16,78360.544,20.544
78366.21680750142,19,16,78386.76080750141,20.544
78396.41926207319,42,15,78416.96326207319,20.544
78563.0,36,16,78583.544,20.544
78597.0,13,16,78617.544,20.544
78660.0,23,16,78680.544,20.544
78782.0,15,16,78802.544,20.544
78886.0,30,16,78906.544,20.544
79048.0,0,16,79068.544,20.544
79238.0,21,16,79258.544,20.544
79304.0,16,16,79324.544,20.544
79333.75594300759,33,16,79354.29994300759,20.544
79519.0,47,16,79539.544,20.544
79647.0,4,16,79667.544,20.544
79809.0,8,16,79829.544,20.544
79839.0,44,16,79859.544,20.544
79881.0,29,16,79901.544,20.544
80224.0,39,17,80244.544,20.544
80270.0,1,17,80290.544,20.544
80356.0,48,17,80376.544,20.544
80438.0,24,17,80458.544,20.544
80541.0,32,17,80561.544,20.544
80596.0,22,17,80616.544,20.544
80621.60124321183,34,16,80642.14524321182,20.544
80654.98552863511,45,16,80675.5295286351,20.544
80681.0,12,17,80701.544,20.544
80890.0,41,17,80910.544,20.544
81086.0,5,17,81106.544,20.544
81118.0,14,17,81138.544,20.544
81189.0,18,17,81209.544,20.544
81393.0,2,17,81413.544,20.544
81439.0,49,17,81459.544,20.544
81614.0,17,17,81634.544,20.544
82058.0,20,17,82078.544,20.544
82084.0,31,17,82104.544,20.544
82376.0,10,17,82396.544,20.544
82418.0,9,17,82438.544,20.544
82518.0,28,17,82538.544,20.544
82576.69514035016,7,16,82597.23914035015,20.544
82614.0,26,17,82634.544,20.544
82644.16638905759,25,17,82664.71038905758,20.544
82685.0,11,17,82705.544,20.544
82815.0,35,17,82835.544,20.544
82868.0,40,17,82888.544,20.544
82911.86298694897,37,17,82932.40698694896,20.544
82949.0,27,17,82969.544,20.544
83062.0,43,17,83082.544,20.544
83138.0,38,17,83158.544,20.544
83239.0,6,17,83259.544,20.544
83340.0,3,17,83360.544,20.544
83369.0,42,16,83389.544,20.544
83418.4976486945,19,17,83439.04164869449,20.544
83563.0,36,17,83583.544,20.544
83597.0,13,17,83617.544,20.544
83660.0,23,17,83680.544,20.544
83782.0,15,17,83802.544,20.544
83886.0,30,17,83906.544,20.544
84048.0,0,17,84068.544,20.544
84238.0,21,17,84258.544,20.544
84304.0,16,17,84324.544,20.544
84340.7689160926,33,17,84361.31291609259,20.544
84519.0,47,17,84539.544,20.544
84647.0,4,17,84667.544,20.544
84809.0,8,17,84829.544,20.544
84839.0,44,17,84859.544,20.544
84881.0,29,17,84901.544,20.544
85224.0,39,18,85244.544,20.544
85270.0,1,18,85290.544,20.544
85356.0,48,18,85376.544,20.544
85438.0,24,18,85458.544,20.544
85541.0,32,18,85561.544,20.544
85596.0,22,18,85616.544,20.544
85626.67463991616,34,17,85647.21863991616,20.544
85657.0160164091,45,17,85677.5600164091,20.544
85700.78174743224,12,18,85721.32574743223,20.544
85890.0,41,18,85910.544,20.544
86086.0,5,18,86106.544,20.544
86118.0,14,18,86138.544,20.544
86189.0,18,18,86209.544,20.544
86393.0,2,18,86413.544,20.544
86439.0,49,18,86459.544,20.544
86614.0,17,18,86634.544,20.544
87058.0,20,18,87078.544,20.544
87084.0,31,18,87104.544,20.544
87376.0,10,18,87396.544,20.544
87418.0,9,18,87438.544,20.544
87518.0,28,18,87538.544,20.544
87577.11641381228,7,17,87597.66041381228,20.544
87614.0,26,18,87634.544,20.544
87655.41976060027,25,18,87675.96376060027,20.544
87685.0,11,18,87705.544,20.544
87815.0,35,18,87835.544,20.544
87868.0,40,18,87888.544,20.544
87921.32209059151,37,18,87941.8660905915,20.544
87949.0,27,18,87969.544,20.544
88062.0,43,18,88082.544,20.544
88138.0,38,18,88158.544,20.544
88239.0,6,18,88259.544,20.544
88340.0,3,18,88360.544,20.544
88367.52298816828,19,18,88388.06698816827,20.544
88404.72160351183,42,17,88425.26560351183,20.544
88563.0,36,18,88583.544,20.544
88597.0,13,18,88617.544,20.544
88660.0,23,18,88680.544,20.544
88782.0,15,18,88802.544,20.544
88886.0,30,18,88906.544,20.544
89048.0,0,18,89068.544,20.544
89238.0,21,18,89258.544,20.544
89304.0,16,18,89324.544,20.544
89331.88379213178,33,18,89352.42779213177,20.544
89519.0,47,18,89539.544,20.544
89647.0,4,18,89667.544,20.544
89809.0,8,18,89829.544,20.544
89839.0,44,18,89859.544,20.544
89881.0,29,18,89901.544,20.544
90224.0,39,19,90244.544,20.544
90270.0,1,19,90290.544,20.544
90356.0,48,19,90376.544,20.544
90438.0,24,19,90458.544,20.544
90541.0,32,19,90561.544,20.544
90596.0,22,19,90616.544,20.544
90631.14717905039,34,18,90651.69117905038,20.544
90681.0,12,19,90701.544,20.544
90890.0,41,19,90910.544,20.544
91086.0,5,19,91106.544,20.544
91118.0,14,19,91138.544,20.544
91189.0,18,19,91209.544,20.544
91393.0,2,19,91413.544,20.544
91439.0,49,19,91459.544,20.544
91614.0,17,19,91634.544,20.544
92058.0,20,19,92078.544,20.544
92084.0,31,19,92104.544,20.544
92376.0,10,19,92396.544,20.544
92408.70560103472,46,15,92429.24960103471,20.544
92460.71505768703,9,19,92481.25905768703,20.544
92518.0,28,19,92538.544,20.544
92544.88680552611,7,18,92565.4308055261,20.544
92614.0,26,19,92634.544,20.544
92661.29959288696,25,19,92681.84359288696,20.544
92687.5031098358,11,19,92708.0471098358,20.544
92815.0,35,19,92835.544,20.544
92868.0,40,19,92888.544,20.544
92911.98737566268,37,19,92932.53137566267,20.544
92949.0,27,19,92969.544,20.544
93062.0,43,19,93082.544,20.544
93138.0,38,19,93158.544,20.544
93239.0,6,19,93259.544,20.544
93340.0,3,19,93360.544,20.544
93369.0,42,18,93389.544,20.544
93396.17022079791,19,19,93416.7142207979,20.544
93563.0,36,19,93583.544,20.544
93597.0,13,19,93617.544,20.544
93660.0,23,19,93680.544,20.544
93782.0,15,19,93802.544,20.544
93886.0,30,19,93906.544,20.544
94048.0,0,19,94068.544,20.544
94238.0,21,19,94258.544,20.544
94304.0,16,19,94324.544,20.544
94340.28512971367,33,19,94360.82912971366,20.544
94519.0,47,19,94539.544,20.544
94647.0,4,19,94667.544,20.544
94809.0,8,19,94829.544,20.544
94839.0,44,19,94859.544,20.544
94881.0,29,19,94901.544,20.544
95224.0,39,20,95244.544,20.544
95270.0,1,20,95290.544,20.544
95356.0,48,20,95376.544,20.544
95438.0,24,20,95458.544,20.544
95541.0,32,20,95561.544,20.544
95596.0,22,20,95616.544,20.544
95635.0,45,18,95655.544,20.544
95661.2727625673,34,19,95681.8167625673,20.544
95695.95537842384,12,20,95716.49937842383,20.544
95890.0,41,20,95910.544,20.544
96086.0,5,20,96106.544,20.544
96118.0,14,20,96138.544,20.544
96189.0,18,20,96209.544,20.544
96393.0,2,20,96413.544,20.544
96439.0,49,20,96459.544,20.544
96614.0,17,20,96634.544,20.544
97058.0,20,20,97078.544,20.544
97084.0,31,20,97104.544,20.544
97376.0,10,20,97396.544,20.544
97418.0,9,20,97438.544,20.544
97447.686912773,46,16,97468.230912773,20.544
97518.0,28,20,97538.544,20.544
97606.23523077893,7,19,97626.77923077892,20.544
97636.0,25,20,97656.544,20.544
97677.25562301939,26,20,97697.79962301938,20.544
97798.9811618335,11,20,97819.52516183349,20.544
97835.06160873595,35,20,97855.60560873595,20.544
97868.0,40,20,97888.544,20.544
97893.7021505847,37,20,97914.24615058469,20.544
97949.0,27,20,97969.544,20.544
98062.0,43,20,98082.544,20.544
98138.0,38,20,98158.544,20.544
98239.0,6,20,98259.544,20.544
98340.0,3,20,98360.544,20.544
98366.83537909797,19,20,98387.37937909797,20.544
98417.57706086794,42,19,98438.12106086794,20.544
98563.0,36,20,98583.544,20.544
98597.0,13,20,98617.544,20.544
98660.0,23,20,98680.544,20.544
98782.0,15,20,98802.544,20.544
98886.0,30,20,98906.544,20.544
99048.0,0,20,99068.544,20.544
99238.0,21,20,99258.544,20.544
99304.0,16,20,99324.544,20.544
99359.66161078597,33,20,99380.20561078597,20.544
99519.0,47,20,99539.544,20.544
99647.0,4,20,99667.544,20.544
99809.0,8,20,99829.544,20.544
99839.0,44,20,99859.544,20.544
99881.0,29,20,99901.544,20.544
100224.0,39,21,100244.544,20.544
100270.0,1,21,100290.544,20.544
100356.0,48,21,100376.544,20.544
100438.0,24,21,100458.544,20.544
100541.0,32,21,100561.544,20.544
100596.0,22,21,100616.544,20.544
100627.31710675066,34,20,100647.86110675066,20.544
100678.82957017508,45,19,100699.37357017507,20.544
100704.76780449359,12,21,100725.31180449358,20.544
100890.0,41,21,100910.544,20.544
101086.0,5,21,101106.544,20.544
101118.0,14,21,101138.544,20.544
101189.0,18,21,101209.544,20.544
101393.0,2,21,101413.544,20.544
101439.0,49,21,101459.544,20.544
101614.0,17,21,101634.544,20.544
102058.0,20,21,102078.544,20.544
102084.0,31,21,102104.544,20.544
102376.0,10,21,102396.544,20.544
102404.18217411496,46,17,102424.72617411496,20.544
102441.77382472502,9,21,102462.31782472502,20.544
102518.0,28,21,102538.544,20.544
102569.9934308202,7,20,102590.5374308202,20.544
102614.0,26,21,102634.544,20.544
102642.80210209149,25,21,102663.34610209148,20.544
102685.0,11,21,102705.544,20.544
102815.0,35,21,102835.544,20.544
102868.0,40,21,102888.544,20.544
102894.84538076165,37,21,102915.38938076164,20.544
102949.0,27,21,102969.544,20.544
103062.0,43,21,103082.544,20.544
103138.0,38,21,103158.544,20.544
103239.0,6,21,103259.544,20.544
103340.0,3,21,103360.544,20.544
103369.0,42,20,103389.544,20.544
103415.09133534072,19,21,103435.63533534072,20.544
103563.0,36,21,103583.544,20.544
103597.0,13,21,103617.544,20.544
103660.0,23,21,103680.544,20.544
103782.0,15,21,103802.544,20.544
103886.0,30,21,103906.544,20.544
104048.0,0,21,104068.544,20.544
104238.0,21,21,104258.544,20.544
104304.0,16,21,104324.544,20.544
104339.54835417045,33,21,104360.09235417044,20.544
104519.0,47,21,104539.544,20.544
104647.0,4,21,104667.544,20.544
104809.0,8,21,104829.544,20.544
104839.0,44,21,104859.544,20.544
104881.0,29,21,104901.544,20.544
105224.0,39,22,105244.544,20.544
105270.0,1,22,105290.544,20.544
105356.0,48,22,105376.544,20.544
105438.0,24,22,105458.544,20.544
105541.0,32,22,105561.544,20.544
105596.0,22,22,105616.544,20.544
105635.0,45,20,105655.544,20.544
105681.0,12,22,105701.544,20.544
105890.0,41,22,105910.544,20.544
106086.0,5,22,106106.544,20.544
106118.0,14,22,106138.544,20.544
106189.0,18,22,106209.544,20.544
106393.0,2,22,106413.544,20.544
106439.0,49,22,106459.544,20.544
106614.0,17,22,106634.544,20.544
107058.0,20,22,107078.544,20.544
107084.0,31,22,107104.544,20.544
107376.0,10,22,107396.544,20.544
107404.79996296708,46,18,107425.34396296708,20.544
107505.04490457894,9,22,107525.58890457894,20.544
107541.31384937528,28,22,107561.85784937527,20.544
107568.92490055856,7,21,107589.46890055855,20.544
107614.0,26,22,107634.544,20.544
107657.32106894185,25,22,107677.86506894184,20.544
107685.0,11,22,107705.544,20.544
107815.0,35,22,107835.544,20.544
107868.0,40,22,107888.544,20.544
107933.04124849853,37,22,107953.58524849852,20.544
107972.35297513343,27,22,107992.89697513342,20.544
108062.0,43,22,108082.544,20.544
108138.0,38,22,108158.544,20.544
108239.0,6,22,108259.544,20.544
108340.0,3,22,108360.544,20.544
108369.0,42,21,108389.544,20.544
108416.43963529279,19,22,108436.98363529278,20.544
108563.0,36,22,108583.544,20.544
108597.0,13,22,108617.544,20.544
108660.0,23,22,108680.544,20.544
108782.0,15,22,108802.544,20.544
108886.0,30,22,108906.544,20.544
109048.0,0,22,109068.544,20.544
109238.0,21,22,109258.544,20.544
109304.0,16,22,109324.544,20.544
109339.73406462302,33,22,109360.27806462301,20.544
109519.0,47,22,109539.544,20.544
109647.0,4,22,109667.544,20.544
109809.0,8,22,109829.544,20.544
109839.0,44,22,109859.544,20.544
109881.0,29,22,109901.544,20.544
110224.0,39,23,110244.544,20.544
110270.0,1,23,110290.544,20.544
110356.0,48,23,110376.544,20.544
110438.0,24,23,110458.544,20.544
110541.0,32,23,110561.544,20.544
110596.0,22,23,110616.544,20.544
110633.47362921629,34,21,110654.01762921628,20.544
110662.65803292341,45,21,110683.20203292341,20.544
110726.73507822592,12,23,110747.27907822591,20.544
110890.0,41,23,110910.544,20.544
111086.0,5,23,111106.544,20.544
111118.0,14,23,111138.544,20.544
111189.0,18,23,111209.544,20.544
111393.0,2,23,111413.544,20.544
111439.0,49,23,111459.544,20.544
111614.0,17,23,111634.544,20.544
112058.0,20,23,112078.544,20.544
112084.0,31,23,112104.544,20.544
112376.0,10,23,112396.544,20.544
112405.58820004853,46,19,112426.13220004852,20.544
112463.59305794656,9,23,112484.13705794656,20.544
112518.0,28,23,112538.544,20.544
112551.33149730077,7,22,112571.87549730076,20.544
112614.0,26,23,112634.544,20.544
112640.72543772834,25,23,112661.26943772833,20.544
112685.0,11,23,112705.544,20.544
112815.0,35,23,112835.544,20.544
112868.0,40,23,112888.544,20.544
112927.78555898034,37,23,112948.32955898033,20.544
112964.52593372186,27,23,112985.06993372185,20.544
113062.0,43,23,113082.544,20.544
113138.0,38,23,113158.544,20.544
113239.0,6,23,113259.544,20.544
113340.0,3,23,113360.544,20.544
113369.0,42,22,113389.544,20.544
113410.3448693187,19,23,113430.88886931869,20.544
113563.0,36,23,113583.544,20.544
113597.0,13,23,113617.544,20.544
113660.0,23,23,113680.544,20.544
113782.0,15,23,113802.544,20.544
113886.0,30,23,113906.544,20.544
114048.0,0,23,114068.544,20.544
114238.0,21,23,114258.544,20.544
114304.0,16,23,114324.544,20.544
114348.5065726574,33,23,114369.05057265739,20.544
114519.0,47,23,114539.544,20.544
114647.0,4,23,114667.544,20.544
114809.0,8,23,114829.544,20.544
114839.0,44,23,114859.544,20.544
114881.0,29,23,114901.544,20.544
115224.0,39,24,115244.544,20.544
115270.0,1,24,115290.544,20.544
115356.0,48,24,115376.544,20.544
115438.0,24,24,115458.544,20.544
115541.0,32,24,115561.544,20.544
115596.0,22,24,115616.544,20.544
115625.41542242504,34,22,115645.95942242503,20.544
115655.87026280255,45,22,115676.41426280254,20.544
115705.64682382827,12,24,115726.19082382826,20.544
115890.0,41,24,115910.544,20.544
116086.0,5,24,116106.544,20.544
116118.0,14,24,116138.544,20.544
116189.0,18,24,116209.544,20.544
116393.0,2,24,116413.544,20.544
116439.0,49,24,116459.544,20.544
116614.0,17,24,116634.544,20.544
117058.0,20,24,117078.544,20.544
117084.0,31,24,117104.544,20.544
117376.0,10,24,117396.544,20.544
117403.95832273539,46,20,117424.50232273538,20.544
117458.02058647976,9,24,117478.56458647976,20.544
117518.0,28,24,117538.544,20.544
117579.43573715152,7,23,117599.97973715152,20.544
117614.0,26,24,117634.544,20.544
117641.83770781098,25,24,117662.38170781097,20.544
117685.0,11,24,117705.544,20.544
117815.0,35,24,117835.544,20.544
117868.0,40,24,117888.544,20.544
117914.48659473215,37,24,117935.03059473215,20.544
117949.0,27,24,117969.544,20.544
118062.0,43,24,118082.544,20.544
118138.0,38,24,118158.544,20.544
118239.0,6,24,118259.544,20.544
118340.0,3,24,118360.544,20.544
118369.0,42,23,118389.544,20.544
118395.36997806585,19,24,118415.91397806584,20.544
118563.0,36,24,118583.544,20.544
118597.0,13,24,118617.544,20.544
118660.0,23,24,118680.544,20.544
118782.0,15,24,118802.544,20.544
118886.0,30,24,118906.544,20.544
119048.0,0,24,119068.544,20.544
119238.0,21,24,119258.544,20.544
119304.0,16,24,119324.544,20.544
119333.99629577957,33,24,119354.54029577956,20.544
119519.0,47,24,119539.544,20.544
119647.0,4,24,119667.544,20.544
119809.0,8,24,119829.544,20.544
119839.0,44,24,119859.544,20.544
119881.0,29,24,119901.544,20.544
120224.0,39,25,120244.544,20.544
120270.0,1,25,120290.544,20.544
120356.0,48,25,120376.544,20.544
120438.0,24,25,120458.544,20.544
120541.0,32,25,120561.544,20.544
120596.0,22,25,120616.544,20.544
120630.83895371691,34,23,120651.38295371691,20.544
120681.0,12,25,120701.544,20.544
120790.6551480407,45,23,120811.1991480407,20.544
120890.0,41,25,120910.544,20.544
121086.0,5,25,121106.544,20.544
121118.0,14,25,121138.544,20.544
121189.0,18,25,121209.544,20.544
121393.0,2,25,121413.544,20.544
121439.0,49,25,121459.544,20.544
121614.0,17,25,121634.544,20.544
122058.0,20,25,122078.544,20.544
122084.0,31,25,122104.544,20.544
122376.0,10,25,122396.544,20.544
122418.0,9,25,122438.544,20.544
122486.65659695238,46,21,122507.20059695237,20.544
122518.0,28,25,122538.544,20.544
122577.5064949872,7,24,122598.0504949872,20.544
122614.0,26,25,122634.544,20.544
122659.5577560783,25,25,122680.1017560783,20.544
122709.92740256939,11,25,122730.47140256938,20.544
122815.0,35,25,122835.544,20.544
122868.0,40,25,122888.544,20.544
122903.33995003617,37,25,122923.88395003616,20.544
122949.0,27,25,122969.544,20.544
123062.0,43,25,123082.544,20.544
123138.0,38,25,123158.544,20.544
123239.0,6,25,123259.544,20.544
123340.0,3,25,123360.544,20.544
123369.0,42,24,123389.544,20.544
123425.85355721205,19,25,123446.39755721204,20.544
123563.0,36,25,123583.544,20.544
123597.0,13,25,123617.544,20.544
123660.0,23,25,123680.544,20.544
123782.0,15,25,123802.544,20.544
123886.0,30,25,123906.544,20.544
124048.0,0,25,124068.544,20.544
124238.0,21,25,124258.544,20.544
124304.0,16,25,124324.544,20.544
124336.5710896328,33,25,124357.11508963279,20.544
124519.0,47,25,124539.544,20.544
124647.0,4,25,124667.544,20.544
124809.0,8,25,124829.544,20.544
124839.0,44,25,124859.544,20.544
124881.0,29,25,124901.544,20.544
125224.0,39,26,125244.544,20.544
125270.0,1,26,125290.544,20.544
125356.0,48,26,125376.544,20.544
125438.0,24,26,125458.544,20.544
125541.0,32,26,125561.544,20.544
125596.0,22,26,125616.544,20.544
125627.96079869586,34,24,125648.50479869585,20.544
125681.0,12,26,125701.544,20.544
125751.47433367638,45,24,125772.01833367637,20.544
125890.0,41,26,125910.544,20.544
126086.0,5,26,126106.544,20.544
126118.0,14,26,126138.544,20.544
126189.0,18,26,126209.544,20.544
126393.0,2,26,126413.544,20.544
126439.0,49,26,126459.544,20.544
126614.0,17,26,126634.544,20.544
127058.0,20,26,127078.544,20.544
127084.0,31,26,127104.544,20.544
127376.0,10,26,127396.544,20.544
127418.0,9,26,127438.544,20.544
127500.55049478744,46,22,127521.09449478744,20.544
127529.0,7,25,127549.544,20.544
127614.0,26,26,127634.544,20.544
127643.2519982752,28,26,127663.79599827519,20.544
127683.6506263774,25,26,127704.1946263774,20.544
127716.50066292706,11,26,127737.04466292706,20.544
127815.0,35,26,127835.544,20.544
127868.0,40,26,127888.544,20.544
127897.9941429431,37,26,127918.5381429431,20.544
127949.0,27,26,127969.544,20.544
128062.0,43,26,128082.544,20.544
128138.0,38,26,128158.544,20.544
128239.0,6,26,128259.544,20.544
128340.0,3,26,128360.544,20.544
128369.0,42,25,128389.544,20.544
128413.61861259639,19,26,128434.16261259638,20.544
128563.0,36,26,128583.544,20.544
128597.0,13,26,128617.544,20.544
128660.0,23,26,128680.544,20.544
128782.0,15,26,128802.544,20.544
128886.0,30,26,128906.544,20.544
129048.0,0,26,129068.544,20.544
129238.0,21,26,129258.544,20.544
129304.0,16,26,129324.544,20.544
129337.69605196333,33,26,129358.24005196332,20.544
129519.0,47,26,129539.544,20.544
129647.0,4,26,129667.544,20.544
129809.0,8,26,129829.544,20.544
129839.0,44,26,129859.544,20.544
129881.0,29,26,129901.544,20.544
130224.0,39,27,130244.544,20.544
130270.0,1,27,130290.544,20.544
130356.0,48,27,130376.544,20.544
130438.0,24,27,130458.544,20.544
130541.0,32,27,130561.544,20.544
130596.0,22,27,130616.544,20.544
130633.8271569879,34,25,130654.3711569879,20.544
130681.0,12,27,130701.544,20.544
130890.0,41,27,130910.544,20.544
131086.0,5,27,131106.544,20.544
131118.0,14,27,131138.544,20.544
131189.0,18,27,131209.544,20.544
131393.0,2,27,131413.544,20.544
131439.0,49,27,131459.544,20.544
131614.0,17,27,131634.544,20.544
132058.0,20,27,132078.544,20.544
132084.0,31,27,132104.544,20.544
132376.0,10,27,132396.544,20.544
132418.0,9,27,132438.544,20.544
132456.94078866846,46,23,132477.48478866846,20.544
132518.0,28,27,132538.544,20.544
132553.5563645892,7,26,132574.1003645892,20.544
132614.0,26,27,132634.544,20.544
132657.5155831855,25,27,132678.0595831855,20.544
132685.0,11,27,132705.544,20.544
132815.0,35,27,132835.544,20.544
132868.0,40,27,132888.544,20.544
132893.92906649134,37,27,132914.47306649134,20.544
132949.0,27,27,132969.544,20.544
133062.0,43,27,133082.544,20.544
133138.0,38,27,133158.544,20.544
133239.0,6,27,133259.544,20.544
133340.0,3,27,133360.544,20.544
133369.0,42,26,133389.544,20.544
133415.83420719768,19,27,133436.37820719767,20.544
133563.0,36,27,133583.544,20.544
133597.0,13,27,133617.544,20.544
133660.0,23,27,133680.544,20.544
133782.0,15,27,133802.544,20.544
133886.0,30,27,133906.544,20.544
134048.0,0,27,134068.544,20.544
134238.0,21,27,134258.544,20.544
134304.0,16,27,134324.544,20.544
134329.8328178111,33,27,134350.3768178111,20.544
134519.0,47,27,134539.544,20.544
134647.0,4,27,134667.544,20.544
134809.0,8,27,134829.544,20.544
134839.0,44,27,134859.544,20.544
134881.0,29,27,134901.544,20.544
135224.0,39,28,135244.544,20.544
135270.0,1,28,135290.544,20.544
135356.0,48,28,135376.544,20.544
135438.0,24,28,135458.544,20.544
135541.0,32,28,135561.544,20.544
135596.0,22,28,135616.544,20.544
135629.9799824916,34,26,135650.5239824916,20.544
135655.7538743548,45,25,135676.2978743548,20.544
135690.74028975694,12,28,135711.28428975694,20.544
135890.0,41,28,135910.544,20.544
136086.0,5,28,136106.544,20.544
136118.0,14,28,136138.544,20.544
136189.0,18,28,136209.544,20.544
136393.0,2,28,136413.544,20.544
136439.0,49,28,136459.544,20.544
136614.0,17,28,136634.544,20.544
137058.0,20,28,137078.544,20.544
137084.0,31,28,137104.544,20.544
137376.0,10,28,137396.544,20.544
137418.0,9,28,137438.544,20.544
137446.9579621457,46,24,137467.5019621457,20.544
137518.0,28,28,137538.544,20.544
137572.497162645,7,27,137593.041162645,20.544
137614.0,26,28,137634.544,20.544
137652.133875882,25,28,137672.677875882,20.544
137685.0,11,28,137705.544,20.544
137815.0,35,28,137835.544,20.544
137868.0,40,28,137888.544,20.544
137897.51522592947,37,28,137918.05922592946,20.544
137949.0,27,28,137969.544,20.544
138062.0,43,28,138082.544,20.544
138138.0,38,28,138158.544,20.544
138239.0,6,28,138259.544,20.544
138340.0,3,28,138360.544,20.544
138369.0,42,27,138389.544,20.544
138563.0,36,28,138583.544,20.544
138597.0,13,28,138617.544,20.544
138660.0,23,28,138680.544,20.544
138782.0,15,28,138802.544,20.544
138886.0,30,28,138906.544,20.544
139048.0,0,28,139068.544,20.544
139238.0,21,28,139258.544,20.544
139304.0,16,28,139324.544,20.544
139346.50836303853,33,28,139367.05236303853,20.544
139519.0,47,28,139539.544,20.544
139647.0,4,28,139667.544,20.544
139809.0,8,28,139829.544,20.544
139839.0,44,28,139859.544,20.544
139881.0,29,28,139901.544,20.544
140224.0,39,29,140244.544,20.544
140270.0,1,29,140290.544,20.544
140356.0,48,29,140376.544,20.544
140438.0,24,29,140458.544,20.544
140541.0,32,29,140561.544,20.544
140596.0,22,29,140616.544,20.544
140635.0,45,26,140655.544,20.544
140681.0,12,29,140701.544,20.544
140890.0,41,29,140910.544,20.544
141086.0,5,29,141106.544,20.544
141118.0,14,29,141138.544,20.544
141189.0,18,29,141209.544,20.544
141393.0,2,29,141413.544,20.544
141439.0,49,29,141459.544,20.544
141614.0,17,29,141634.544,20.544
142058.0,20,29,142078.544,20.544
142084.0,31,29,142104.544,20.544
142376.0,10,29,142396.544,20.544
142418.0,9,29,142438.544,20.544
142505.6824512451,46,25,142526.2264512451,20.544
142533.8411055766,28,29,142554.3851055766,20.544
142562.44175138176,7,28,142582.98575138176,20.544
142614.0,26,29,142634.544,20.544
142654.9451620391,25,29,142675.4891620391,20.544
142685.0,11,29,142705.544,20.544
142815.0,35,29,142835.544,20.544
142868.0,40,29,142888.544,20.544
142896.0540917459,37,29,142916.5980917459,20.544
142949.0,27,29,142969.544,20.544
143062.0,43,29,143082.544,20.544
143138.0,38,29,143158.544,20.544
143239.0,6,29,143259.544,20.544
143340.0,3,29,143360.544,20.544
143369.0,42,28,143389.544,20.544
143397.73738095805,19,28,143418.28138095804,20.544
143563.0,36,29,143583.544,20.544
143597.0,13,29,143617.544,20.544
143660.0,23,29,143680.544,20.544
143782.0,15,29,143802.544,20.544
143886.0,30,29,143906.544,20.544
144048.0,0,29,144068.544,20.544
144238.0,21,29,144258.544,20.544
144304.0,16,29,144324.544,20.544
144333.08640425134,33,29,144353.63040425134,20.544
144519.0,47,29,144539.544,20.544
144647.0,4,29,144667.544,20.544
144809.0,8,29,144829.544,20.544
144839.0,44,29,144859.544,20.544
144881.0,29,29,144901.544,20.544
145224.0,39,30,145244.544,20.544
145270.0,1,30,145290.544,20.544
145356.0,48,30,145376.544,20.544
145438.0,24,30,145458.544,20.544
145541.0,32,30,145561.544,20.544
145596.0,22,30,145616.544,20.544
145635.0,45,27,145655.544,20.544
145681.0,12,30,145701.544,20.544
145720.98353882806,34,27,145741.52753882806,20.544
145890.0,41,30,145910.544,20.544
146086.0,5,30,146106.544,20.544
146118.0,14,30,146138.544,20.544
146189.0,18,30,146209.544,20.544
146393.0,2,30,146413.544,20.544
146439.0,49,30,146459.544,20.544
146614.0,17,30,146634.544,20.544
147058.0,20,30,147078.544,20.544
147084.0,31,30,147104.544,20.544
147376.0,10,30,147396.544,20.544
147404.21765143127,46,26,147424.76165143127,20.544
147435.13951530607,9,30,147455.68351530607,20.544
147518.0,28,30,147538.544,20.544
147563.64610571458,7,29,147584.19010571457,20.544
147614.0,26,30,147634.544,20.544
147639.75972295966,25,30,147660.30372295965,20.544
147685.0,11,30,147705.544,20.544
147815.0,35,30,147835.544,20.544
147868.0,40,30,147888.544,20.544
147940.44997008416,37,30,147960.99397008415,20.544
147971.52017366324,27,30,147992.06417366324,20.544
148062.0,43,30,148082.544,20.544
148138.0,38,30,148158.544,20.544
148239.0,6,30,148259.544,20.544
148340.0,3,30,148360.544,20.544
148369.0,42,29,148389.544,20.544
148415.41951444055,19,29,148435.96351444055,20.544
148563.0,36,30,148583.544,20.544
148597.0,13,30,148617.544,20.544
148660.0,23,30,148680.544,20.544
148782.0,15,30,148802.544,20.544
148886.0,30,30,148906.544,20.544
149048.0,0,30,149068.544,20.544
149238.0,21,30,149258.544,20.544
149304.0,16,30,149324.544,20.544
149353.1676394232,33,30,149373.71163942319,20.544
149519.0,47,30,149539.544,20.544
149647.0,4,30,149667.544,20.544
149809.0,8,30,149829.544,20.544
149839.0,44,30,149859.544,20.544
149881.0,29,30,149901.544,20.544
150224.0,39,31,150244.544,20.544
150270.0,1,31,150290.544,20.544
150356.0,48,31,150376.544,20.544
150438.0,24,31,150458.544,20.544
150541.0,32,31,150561.544,20.544
150596.0,22,31,150616.544,20.544
150633.60520313846,34,28,150654.14920313846,20.544
150681.0,12,31,150701.544,20.544
150890.0,41,31,150910.544,20.544
151086.0,5,31,151106.544,20.544
151118.0,14,31,151138.544,20.544
151189.0,18,31,151209.544,20.544
151393.0,2,31,151413.544,20.544
151439.0,49,31,151459.544,20.544
151614.0,17,31,151634.544,20.544
152058.0,20,31,152078.544,20.544
152084.0,31,31,152104.544,20.544
152376.0,10,31,152396.544,20.544
152402.10688012434,46,27,152422.65088012433,20.544
152438.89043771636,9,31,152459.43443771635,20.544
152518.0,28,31,152538.544,20.544
152556.37735563083,7,30,152576.92135563082,20.544
152614.0,26,31,152634.544,20.544
152645.1792369705,25,31,152665.7232369705,20.544
152685.0,11,31,152705.544,20.544
152815.0,35,31,152835.544,20.544
152868.0,40,31,152888.544,20.544
152929.3432334719,37,31,152949.8872334719,20.544
152955.05894994462,27,31,152975.60294994462,20.544
153062.0,43,31,153082.544,20.544
153138.0,38,31,153158.544,20.544
153239.0,6,31,153259.544,20.544
153340.0,3,31,153360.544,20.544
153369.0,42,30,153389.544,20.544
153395.88231652486,19,30,153416.42631652486,20.544
153563.0,36,31,153583.544,20.544
153597.0,13,31,153617.544,20.544
153660.0,23,31,153680.544,20.544
153782.0,15,31,153802.544,20.544
153886.0,30,31,153906.544,20.544
154048.0,0,31,154068.544,20.544
154238.0,21,31,154258.544,20.544
154304.0,16,31,154324.544,20.544
154334.85887378172,33,31,154355.4028737817,20.544
154519.0,47,31,154539.544,20.544
154647.0,4,31,154667.544,20.544
154809.0,8,31,154829.544,20.544
154839.0,44,31,154859.544,20.544
154881.0,29,31,154901.544,20.544
155224.0,39,32,155244.544,20.544
155270.0,1,32,155290.544,20.544
155356.0,48,32,155376.544,20.544
155438.0,24,32,155458.544,20.544
155541.0,32,32,155561.544,20.544
155596.0,22,32,155616.544,20.544
155627.85868494076,34,29,155648.40268494075,20.544
155681.0,12,32,155701.544,20.544
155721.5983673349,45,28,155742.1423673349,20.544
155890.0,41,32,155910.544,20.544
156086.0,5,32,156106.544,20.544
156118.0,14,32,156138.544,20.544
156189.0,18,32,156209.544,20.544
156393.0,2,32,156413.544,20.544
156439.0,49,32,156459.544,20.544
156614.0,17,32,156634.544,20.544
157058.0,20,32,157078.544,20.544
157084.0,31,32,157104.544,20.544
157376.0,10,32,157396.544,20.544
157417.81075293678,46,28,157438.35475293678,20.544
157507.2168869478,9,32,157527.7608869478,20.544
157536.94296125116,28,32,157557.48696125115,20.544
157614.0,26,32,157634.544,20.544
157645.00532996363,25,32,157665.54932996363,20.544
157685.0,11,32,157705.544,20.544
157815.0,35,32,157835.544,20.544
157868.0,40,32,157888.544,20.544
157909.19487602983,37,32,157929.73887602982,20.544
157949.0,27,32,157969.544,20.544
158062.0,43,32,158082.544,20.544
158138.0,38,32,158158.544,20.544
158239.0,6,32,158259.544,20.544
158340.0,3,32,158360.544,20.544
158366.54073079102,19,31,158387.08473079102,20.544
158412.1725068894,42,31,158432.71650688938,20.544
158563.0,36,32,158583.544,20.544
158597.0,13,32,158617.544,20.544
158660.0,23,32,158680.544,20.544
158782.0,15,32,158802.544,20.544
158886.0,30,32,158906.544,20.544
159048.0,0,32,159068.544,20.544
159238.0,21,32,159258.544,20.544
159304.0,16,32,159324.544,20.544
159332.79628233143,33,32,159353.34028233142,20.544
159519.0,47,32,159539.544,20.544
159647.0,4,32,159667.544,20.544
159809.0,8,32,159829.544,20.544
159839.0,44,32,159859.544,20.544
159881.0,29,32,159901.544,20.544
160224.0,39,33,160244.544,20.544
160270.0,1,33,160290.544,20.544
160356.0,48,33,160376.544,20.544
160438.0,24,33,160458.544,20.544
160541.0,32,33,160561.544,20.544
160596.0,22,33,160616.544,20.544
160623.06862651726,34,30,160643.61262651725,20.544
160652.14135062826,45,29,160672.68535062825,20.544
160681.0,12,33,160701.544,20.544
160890.0,41,33,160910.544,20.544
161086.0,5,33,161106.544,20.544
161118.0,14,33,161138.544,20.544
161189.0,18,33,161209.544,20.544
161393.0,2,33,161413.544,20.544
161439.0,49,33,161459.544,20.544
161614.0,17,33,161634.544,20.544
162058.0,20,33,162078.544,20.544
162084.0,31,33,162104.544,20.544
162376.0,10,33,162396.544,20.544
162403.61761963705,46,29,162424.16161963705,20.544
162440.01478432075,9,33,162460.55878432075,20.544
162518.0,28,33,162538.544,20.544
162550.6567114114,7,31,162571.2007114114,20.544
162614.0,26,33,162634.544,20.544
162647.1600014139,25,33,162667.7040014139,20.544
162685.0,11,33,162705.544,20.544
162815.0,35,33,162835.544,20.544
162868.0,40,33,162888.544,20.544
162919.43469475964,37,33,162939.97869475963,20.544
162949.0,27,33,162969.544,20.544
163062.0,43,33,163082.544,20.544
163138.0,38,33,163158.544,20.544
163239.0,6,33,163259.544,20.544
163340.0,3,33,163360.544,20.544
163369.0,42,32,163389.544,20.544
163397.99788202558,19,32,163418.54188202557,20.544
163563.0,36,33,163583.544,20.544
163597.0,13,33,163617.544,20.544
163660.0,23,33,163680.544,20.544
163782.0,15,33,163802.544,20.544
163886.0,30,33,163906.544,20.544
164048.0,0,33,164068.544,20.544
164238.0,21,33,164258.544,20.544
164304.0,16,33,164324.544,20.544
164365.1376967304,33,33,164385.6816967304,20.544
164519.0,47,33,164539.544,20.544
164647.0,4,33,164667.544,20.544
164809.0,8,33,164829.544,20.544
164839.0,44,33,164859.544,20.544
164881.0,29,33,164901.544,20.544
165224.0,39,34,165244.544,20.544
165270.0,1,34,165290.544,20.544
165356.0,48,34,165376.544,20.544
165438.0,24,34,165458.544,20.544
165541.0,32,34,165561.544,20.544
165596.0,22,34,165616.544,20.544
165635.0,45,30,165655.544,20.544
165681.0,12,34,165701.544,20.544
165709.44256831208,34,31,165729.98656831207,20.544
165890.0,41,34,165910.544,20.544
166086.0,5,34,166106.544,20.544
166118.0,14,34,166138.544,20.544
166189.0,18,34,166209.544,20.544
166393.0,2,34,166413.544,20.544
166439.0,49,34,166459.544,20.544
166614.0,17,34,166634.544,20.544
167058.0,20,34,167078.544,20.544
167084.0,31,34,167104.544,20.544
167376.0,10,34,167396.544,20.544
167418.0,9,34,167438.544,20.544
167470.60961818552,46,30,167491.15361818552,20.544
167518.0,28,34,167538.544,20.544
167552.33026552037,7,32,167572.87426552037,20.544
167614.0,26,34,167634.544,20.544
167647.80680037054,25,34,167668.35080037054,20.544
167685.0,11,34,167705.544,20.544
167815.0,35,34,167835.544,20.544
167868.0,40,34,167888.544,20.544
167896.6815724171,37,34,167917.22557241708,20.544
167949.0,27,34,167969.544,20.544
168062.0,43,34,168082.544,20.544
168138.0,38,34,168158.544,20.544
168239.0,6,34,168259.544,20.544
168340.0,3,34,168360.544,20.544
168369.0,42,33,168389.544,20.544
168410.0723493356,19,33,168430.61634933559,20.544
168563.0,36,34,168583.544,20.544
168597.0,13,34,168617.544,20.544
168660.0,23,34,168680.544,20.544
168782.0,15,34,168802.544,20.544
168886.0,30,34,168906.544,20.544
169048.0,0,34,169068.544,20.544
169238.0,21,34,169258.544,20.544
169304.0,16,34,169324.544,20.544
169336.37716255113,33,34,169356.92116255112,20.544
169519.0,47,34,169539.544,20.544
169647.0,4,34,169667.544,20.544
169809.0,8,34,169829.544,20.544
169839.0,44,34,169859.544,20.544
169881.0,29,34,169901.544,20.544
170224.0,39,35,170244.544,20.544
170270.0,1,35,170290.544,20.544
170356.0,48,35,170376.544,20.544
170438.0,24,35,170458.544,20.544
170541.0,32,35,170561.544,20.544
170596.0,22,35,170616.544,20.544
170633.748567579,34,32,170654.292567579,20.544
170681.0,12,35,170701.544,20.544
170730.66001312787,45,31,170751.20401312786,20.544
170890.0,41,35,170910.544,20.544
171086.0,5,35,171106.544,20.544
171118.0,14,35,171138.544,20.544
171189.0,18,35,171209.544,20.544
171393.0,2,35,171413.544,20.544
171439.0,49,35,171459.544,20.544
171614.0,17,35,171634.544,20.544
172058.0,20,35,172078.544,20.544
172084.0,31,35,172104.544,20.544
172376.0,10,35,172396.544,20.544
172406.42819365475,46,31,172426.97219365474,20.544
172435.9010038732,9,35,172456.4450038732,20.544
172518.0,28,35,172538.544,20.544
172571.3185965523,7,33,172591.8625965523,20.544
172614.0,26,35,172634.544,20.544
172653.1875028936,25,35,172673.73150289358,20.544
172685.0,11,35,172705.544,20.544
172815.0,35,35,172835.544,20.544
172868.0,40,35,172888.544,20.544
172913.07421497343,37,35,172933.61821497342,20.544
172949.0,27,35,172969.544,20.544
173062.0,43,35,173082.544,20.544
173138.0,38,35,173158.544,20.544
173239.0,6,35,173259.544,20.544
173340.0,3,35,173360.544,20.544
173365.7871022741,19,34,173386.3311022741,20.544
173420.1533445012,42,34,173440.69734450118,20.544
173563.0,36,35,173583.544,20.544
173597.0,13,35,173617.544,20.544
173660.0,23,35,173680.544,20.544
173782.0,15,35,173802.544,20.544
173886.0,30,35,173906.544,20.544
174048.0,0,35,174068.544,20.544
174238.0,21,35,174258.544,20.544
174304.0,16,35,174324.544,20.544
174359.9463704725,33,35,174380.4903704725,20.544
174519.0,47,35,174539.544,20.544
174647.0,4,35,174667.544,20.544
174809.0,8,35,174829.544,20.544
174839.0,44,35,174859.544,20.544
174881.0,29,35,174901.544,20.544
175224.0,39,36,175244.544,20.544
175270.0,1,36,175290.544,20.544
175356.0,48,36,175376.544,20.544
175438.0,24,36,175458.544,20.544
175541.0,32,36,175561.544,20.544
175596.0,22,36,175616.544,20.544
175635.0,45,32,175655.544,20.544
175661.50680286784,34,33,175682.05080286783,20.544
175696.71091360517,12,36,175717.25491360517,20.544
175890.0,41,36,175910.544,20.544
176086.0,5,36,176106.544,20.544
176118.0,14,36,176138.544,20.544
176189.0,18,36,176209.544,20.544
176393.0,2,36,176413.544,20.544
176439.0,49,36,176459.544,20.544
176614.0,17,36,176634.544,20.544
177058.0,20,36,177078.544,20.544
177084.0,31,36,177104.544,20.544
177376.0,10,36,177396.544,20.544
177418.0,9,36,177438.544,20.544
177481.12794934495,46,32,177501.67194934495,20.544
177518.0,28,36,177538.544,20.544
177551.26959835523,7,34,177571.81359835522,20.544
177614.0,26,36,177634.544,20.544
177655.26638187707,25,36,177675.81038187706,20.544
177685.0,11,36,177705.544,20.544
177815.0,35,36,177835.544,20.544
177868.0,40,36,177888.544,20.544
177937.35399247793,37,36,177957.89799247793,20.544
177968.70511451646,27,36,177989.24911451645,20.544
178062.0,43,36,178082.544,20.544
178138.0,38,36,178158.544,20.544
178239.0,6,36,178259.544,20.544
178340.0,3,36,178360.544,20.544
178369.0,42,35,178389.544,20.544
178408.262451666,19,35,178428.806451666,20.544
178563.0,36,36,178583.544,20.544
178597.0,13,36,178617.544,20.544
178660.0,23,36,178680.544,20.544
178782.0,15,36,178802.544,20.544
178886.0,30,36,178906.544,20.544
179048.0,0,36,179068.544,20.544
179238.0,21,36,179258.544,20.544
179304.0,16,36,179324.544,20.544
179372.31025863433,33,36,179392.85425863432,20.544
179519.0,47,36,179539.544,20.544
179647.0,4,36,179667.544,20.544
179809.0,8,36,179829.544,20.544
179839.0,44,36,179859.544,20.544
179881.0,29,36,179901.544,20.544
180224.0,39,37,180244.544,20.544
180270.0,1,37,180290.544,20.544
180356.0,48,37,180376.544,20.544
180438.0,24,37,180458.544,20.544
180541.0,32,37,180561.544,20.544
180596.0,22,37,180616.544,20.544
180635.0,45,33,180655.544,20.544
180668.3302114824,34,34,180688.87421148238,20.544
180707.0923930902,12,37,180727.6363930902,20.544
180890.0,41,37,180910.544,20.544
181086.0,5,37,181106.544,20.544
181118.0,14,37,181138.544,20.544
181189.0,18,37,181209.544,20.544
181393.0,2,37,181413.544,20.544
181439.0,49,37,181459.544,20.544
181614.0,17,37,181634.544,20.544
182058.0,20,37,182078.544,20.544
182084.0,31,37,182104.544,20.544
182376.0,10,37,182396.544,20.544
182418.0,9,37,182438.544,20.544
182462.7190637733,46,33,182483.26306377328,20.544
182518.0,28,37,182538.544,20.544
182574.6649280542,7,35,182595.2089280542,20.544
182614.0,26,37,182634.544,20.544
182682.7226056677,25,37,182703.26660566768,20.544
182735.1279454272,11,37,182755.6719454272,20.544
182815.0,35,37,182835.544,20.544
182868.0,40,37,182888.544,20.544
182912.41485498325,37,37,182932.95885498324,20.544
182949.0,27,37,182969.544,20.544
183062.0,43,37,183082.544,20.544
183138.0,38,37,183158.544,20.544
183239.0,6,37,183259.544,20.544
183340.0,3,37,183360.544,20.544
183369.0,42,36,183389.544,20.544
183466.4714310167,19,36,183487.01543101668,20.544
183563.0,36,37,183583.544,20.544
183597.0,13,37,183617.544,20.544
183660.0,23,37,183680.544,20.544
183782.0,15,37,183802.544,20.544
183886.0,30,37,183906.544,20.544
184048.0,0,37,184068.544,20.544
184238.0,21,37,184258.544,20.544
184304.0,16,37,184324.544,20.544
184337.2490539904,33,37,184357.7930539904,20.544
184519.0,47,37,184539.544,20.544
184647.0,4,37,184667.544,20.544
184809.0,8,37,184829.544,20.544
184839.0,44,37,184859.544,20.544
184881.0,29,37,184901.544,20.544
185224.0,39,38,185244.544,20.544
185270.0,1,38,185290.544,20.544
185356.0,48,38,185376.544,20.544
185438.0,24,38,185458.544,20.544
185541.0,32,38,185561.544,20.544
185596.0,22,38,185616.544,20.544
185623.6116413861,34,35,185644.15564138608,20.544
185681.0,12,38,185701.544,20.544
185890.0,41,38,185910.544,20.544
186086.0,5,38,186106.544,20.544
186118.0,14,38,186138.544,20.544
186189.0,18,38,186209.544,20.544
186393.0,2,38,186413.544,20.544
186439.0,49,38,186459.544,20.544
186614.0,17,38,186634.544,20.544
187058.0,20,38,187078.544,20.544
187084.0,31,38,187104.544,20.544
187376.0,10,38,187396.544,20.544
187417.05680871062,46,34,187437.60080871062,20.544
187467.21431551568,9,38,187487.75831551568,20.544
187518.0,28,38,187538.544,20.544
187585.91266629103,7,36,187606.45666629102,20.544
187614.0,26,38,187634.544,20.544
187646.51937007546,25,38,187667.06337007546,20.544
187685.0,11,38,187705.544,20.544
187815.0,35,38,187835.544,20.544
187868.0,40,38,187888.544,20.544
187938.41867512927,37,38,187958.96267512927,20.544
188001.00419101262,27,38,188021.5481910126,20.544
188062.0,43,38,188082.544,20.544
188138.0,38,38,188158.544,20.544
188239.0,6,38,188259.544,20.544
188340.0,3,38,188360.544,20.544
188369.0,42,37,188389.544,20.544
188423.3054905302,19,37,188443.8494905302,20.544
188563.0,36,38,188583.544,20.544
188597.0,13,38,188617.544,20.544
188660.0,23,38,188680.544,20.544
188782.0,15,38,188802.544,20.544
188886.0,30,38,188906.544,20.544
189048.0,0,38,189068.544,20.544
189238.0,21,38,189258.544,20.544
189304.0,16,38,189324.544,20.544
189359.45666605377,33,38,189380.00066605376,20.544
189519.0,47,38,189539.544,20.544
189647.0,4,38,189667.544,20.544
189809.0,8,38,189829.544,20.544
189839.0,44,38,189859.544,20.544
189881.0,29,38,189901.544,20.544
190224.0,39,39,190244.544,20.544
190270.0,1,39,190290.544,20.544
190356.0,48,39,190376.544,20.544
190438.0,24,39,190458.544,20.544
190541.0,32,39,190561.544,20.544
190596.0,22,39,190616.544,20.544
190625.81595975326,34,36,190646.35995975326,20.544
190681.0,12,39,190701.544,20.544
190789.1428038402,45,34,190809.6868038402,20.544
190890.0,41,39,190910.544,20.544
191086.0,5,39,191106.544,20.544
191118.0,14,39,191138.544,20.544
191189.0,18,39,191209.544,20.544
191393.0,2,39,191413.544,20.544
191439.0,49,39,191459.544,20.544
191614.0,17,39,191634.544,20.544
192058.0,20,39,192078.544,20.544
192084.0,31,39,192104.544,20.544
192376.0,10,39,192396.544,20.544
192402.29788461674,46,35,192422.84188461673,20.544
192431.42831800447,9,39,192451.97231800447,20.544
192518.0,28,39,192538.544,20.544
192547.49663366226,7,37,192568.04063366225,20.544
192614.0,26,39,192634.544,20.544
192650.06066192122,25,39,192670.6046619212,20.544
192685.0,11,39,192705.544,20.544
192815.0,35,39,192835.544,20.544
192868.0,40,39,192888.544,20.544
192910.1411273391,37,39,192930.6851273391,20.544
192949.0,27,39,192969.544,20.544
193062.0,43,39,193082.544,20.544
193138.0,38,39,193158.544,20.544
193239.0,6,39,193259.544,20.544
193340.0,3,39,193360.544,20.544
193369.0,42,38,193389.544,20.544
193402.3458741947,19,38,193422.8898741947,20.544
193563.0,36,39,193583.544,20.544
193597.0,13,39,193617.544,20.544
193660.0,23,39,193680.544,20.544
193782.0,15,39,193802.544,20.544
193886.0,30,39,193906.544,20.544
194048.0,0,39,194068.544,20.544
194238.0,21,39,194258.544,20.544
194304.0,16,39,194324.544,20.544
194337.02571548207,33,39,194357.56971548207,20.544
194519.0,47,39,194539.544,20.544
194647.0,4,39,194667.544,20.544
194809.0,8,39,194829.544,20.544
194839.0,44,39,194859.544,20.544
194881.0,29,39,194901.544,20.544
195224.0,39,40,195244.544,20.544
195270.0,1,40,195290.544,20.544
195356.0,48,40,195376.544,20.544
195438.0,24,40,195458.544,20.544
195541.0,32,40,195561.544,20.544
195596.0,22,40,195616.544,20.544
195635.0,45,35,195655.544,20.544
195681.0,12,40,195701.544,20.544
195890.0,41,40,195910.544,20.544
196086.0,5,40,196106.544,20.544
196118.0,14,40,196138.544,20.544
196189.0,18,40,196209.544,20.544
196393.0,2,40,196413.544,20.544
196439.0,49,40,196459.544,20.544
196614.0,17,40,196634.544,20.544
197058.0,20,40,197078.544,20.544
197084.0,31,40,197104.544,20.544
197376.0,10,40,197396.544,20.544
197416.47961283565,46,36,197437.02361283565,20.544
197455.07348866537,9,40,197475.61748866536,20.544
197518.0,28,40,197538.544,20.544
197571.68022508567,7,38,197592.22422508567,20.544
197614.0,26,40,197634.544,20.544
197655.27844280936,25,40,197675.82244280935,20.544
197685.0,11,40,197705.544,20.544
197815.0,35,40,197835.544,20.544
197868.0,40,40,197888.544,20.544
197928.05116368775,37,40,197948.59516368774,20.544
197967.93215864454,27,40,197988.47615864454,20.544
198062.0,43,40,198082.544,20.544
198138.0,38,40,198158.544,20.544
198239.0,6,40,198259.544,20.544
198340.0,3,40,198360.544,20.544
198369.0,42,39,198389.544,20.544
198406.93472086545,19,39,198427.47872086545,20.544
198563.0,36,40,198583.544,20.544
198597.0,13,40,198617.544,20.544
198660.0,23,40,198680.544,20.544
198782.0,15,40,198802.544,20.544
198886.0,30,40,198906.544,20.544
199048.0,0,40,199068.544,20.544
199238.0,21,40,199258.544,20.544
199304.0,16,40,199324.544,20.544
199333.17430012565,33,40,199353.71830012565,20.544
199519.0,47,40,199539.544,20.544
199647.0,4,40,199667.544,20.544
199809.0,8,40,199829.544,20.544
199839.0,44,40,199859.544,20.544
199881.0,29,40,199901.544,20.544
200224.0,39,41,200244.544,20.544
200270.0,1,41,200290.544,20.544
200356.0,48,41,200376.544,20.544
200438.0,24,41,200458.544,20.544
200541.0,32,41,200561.544,20.544
200596.0,22,41,200616.544,20.544
200622.35636481535,34,37,200642.90036481534,20.544
200668.7623765588,45,36,200689.3063765588,20.544
200705.81629837467,12,41,200726.36029837467,20.544
200890.0,41,41,200910.544,20.544
201086.0,5,41,201106.544,20.544
201118.0,14,41,201138.544,20.544
201189.0,18,41,201209.544,20.544
201393.0,2,41,201413.544,20.544
201439.0,49,41,201459.544,20.544
201614.0,17,41,201634.544,20.544
202058.0,20,41,202078.544,20.544
202084.0,31,41,202104.544,20.544
202376.0,10,41,202396.544,20.544
202418.0,9,41,202438.544,20.544
202487.381530241,46,37,202507.925530241,20.544
202518.0,28,41,202538.544,20.544
202553.87302877655,7,39,202574.41702877654,20.544
202614.0,26,41,202634.544,20.544
202679.77929407803,25,41,202700.32329407803,20.544
202716.47817070433,11,41,202737.02217070432,20.544
202815.0,35,41,202835.544,20.544
202868.0,40,41,202888.544,20.544
202913.98367567238,37,41,202934.52767567238,20.544
202949.0,27,41,202969.544,20.544
203062.0,43,41,203082.544,20.544
203138.0,38,41,203158.544,20.544
203239.0,6,41,203259.544,20.544
203340.0,3,41,203360.544,20.544
203369.0,42,40,203389.544,20.544
203409.97330221854,19,40,203430.51730221853,20.544
203563.0,36,41,203583.544,20.544
203597.0,13,41,203617.544,20.544
203660.0,23,41,203680.544,20.544
203782.0,15,41,203802.544,20.544
203886.0,30,41,203906.544,20.544
204048.0,0,41,204068.544,20.544
204238.0,21,41,204258.544,20.544
204304.0,16,41,204324.544,20.544
204333.9494628689,33,41,204354.4934628689,20.544
204519.0,47,41,204539.544,20.544
204647.0,4,41,204667.544,20.544
204809.0,8,41,204829.544,20.544
204839.0,44,41,204859.544,20.544
204881.0,29,41,204901.544,20.544
205224.0,39,42,205244.544,20.544
205270.0,1,42,205290.544,20.544
205356.0,48,42,205376.544,20.544
205438.0,24,42,205458.544,20.544
205541.0,32,42,205561.544,20.544
205596.0,22,42,205616.544,20.544
205623.84102727735,34,38,205644.38502727734,20.544
205654.59654487678,45,37,205675.14054487678,20.544
205681.0,12,42,205701.544,20.544
205890.0,41,42,205910.544,20.544
206086.0,5,42,206106.544,20.544
206118.0,14,42,206138.544,20.544
206189.0,18,42,206209.544,20.544
206393.0,2,42,206413.544,20.544
206439.0,49,42,206459.544,20.544
206614.0,17,42,206634.544,20.544
207058.0,20,42,207078.544,20.544
207084.0,31,42,207104.544,20.544
207376.0,10,42,207396.544,20.544
207418.0,9,42,207438.544,20.544
207512.6979718461,46,38,207533.2419718461,20.544
207540.13889745862,28,42,207560.6828974586,20.544
207585.73193195162,7,40,207606.27593195162,20.544
207614.0,26,42,207634.544,20.544
207648.64261492208,25,42,207669.18661492207,20.544
207685.0,11,42,207705.544,20.544
207815.0,35,42,207835.544,20.544
207868.0,40,42,207888.544,20.544
207897.85103578493,37,42,207918.39503578492,20.544
207949.0,27,42,207969.544,20.544
208062.0,43,42,208082.544,20.544
208138.0,38,42,208158.544,20.544
208239.0,6,42,208259.544,20.544
208340.0,3,42,208360.544,20.544
208369.0,42,41,208389.544,20.544
208563.0,36,42,208583.544,20.544
208597.0,13,42,208617.544,20.544
208660.0,23,42,208680.544,20.544
208782.0,15,42,208802.544,20.544
208886.0,30,42,208906.544,20.544
209048.0,0,42,209068.544,20.544
209238.0,21,42,209258.544,20.544
209304.0,16,42,209324.544,20.544
209333.2685116274,33,42,209353.8125116274,20.544
209519.0,47,42,209539.544,20.544
209647.0,4,42,209667.544,20.544
209809.0,8,42,209829.544,20.544
209839.0,44,42,209859.544,20.544
209881.0,29,42,209901.544,20.544
210224.0,39,43,210244.544,20.544
210270.0,1,43,210290.544,20.544
210356.0,48,43,210376.544,20.544
210438.0,24,43,210458.544,20.544
210541.0,32,43,210561.544,20.544
210596.0,22,43,210616.544,20.544
210633.79651321546,34,39,210654.34051321546,20.544
210681.0,12,43,210701.544,20.544
210890.0,41,43,210910.544,20.544
211086.0,5,43,211106.544,20.544
211118.0,14,43,211138.544,20.544
211189.0,18,43,211209.544,20.544
211393.0,2,43,211413.544,20.544
211439.0,49,43,211459.544,20.544
211614.0,17,43,211634.544,20.544
212058.0,20,43,212078.544,20.544
212084.0,31,43,212104.544,20.544
212376.0,10,43,212396.544,20.544
212403.36257099043,46,39,212423.90657099042,20.544
212430.41734651194,9,43,212450.96134651193,20.544
212518.0,28,43,212538.544,20.544
212580.69812598004,7,41,212601.24212598003,20.544
212614.0,26,43,212634.544,20.544
212650.9145508008,25,43,212671.4585508008,20.544
212685.0,11,43,212705.544,20.544
212815.0,35,43,212835.544,20.544
212868.0,40,43,212888.544,20.544
212897.74187286803,37,43,212918.28587286803,20.544
212949.0,27,43,212969.544,20.544
213062.0,43,43,213082.544,20.544
213138.0,38,43,213158.544,20.544
213239.0,6,43,213259.544,20.544
213340.0,3,43,213360.544,20.544
213369.0,42,42,213389.544,20.544
213444.9279917662,19,41,213465.4719917662,20.544
213563.0,36,43,213583.544,20.544
213597.0,13,43,213617.544,20.544
213660.0,23,43,213680.544,20.544
213782.0,15,43,213802.544,20.544
213886.0,30,43,213906.544,20.544
214048.0,0,43,214068.544,20.544
214238.0,21,43,214258.544,20.544
214304.0,16,43,214324.544,20.544
214365.0103334591,33,43,214385.5543334591,20.544
214519.0,47,43,214539.544,20.544
214647.0,4,43,214667.544,20.544
214809.0,8,43,214829.544,20.544
214839.0,44,43,214859.544,20.544
214881.0,29,43,214901.544,20.544
215224.0,39,44,215244.544,20.544
215270.0,1,44,215290.544,20.544
215356.0,48,44,215376.544,20.544
215438.0,24,44,215458.544,20.544
215541.0,32,44,215561.544,20.544
215596.0,22,44,215616.544,20.544
215635.0,45,38,215655.544,20.544
215681.0,12,44,215701.544,20.544
215890.0,41,44,215910.544,20.544
216086.0,5,44,216106.544,20.544
216118.0,14,44,216138.544,20.544
216189.0,18,44,216209.544,20.544
216393.0,2,44,216413.544,20.544
216439.0,49,44,216459.544,20.544
216614.0,17,44,216634.544,20.544
217058.0,20,44,217078.544,20.544
217084.0,31,44,217104.544,20.544
217376.0,10,44,217396.544,20.544
217418.0,9,44,217438.544,20.544
217500.4564154916,46,40,217521.00041549158,20.544
217529.0,7,42,217549.544,20.544
217614.0,26,44,217634.544,20.544
217657.17394017044,25,44,217677.71794017043,20.544
217685.0,11,44,217705.544,20.544
217815.0,35,44,217835.544,20.544
217868.0,40,44,217888.544,20.544
217922.14823810186,37,44,217942.69223810185,20.544
217949.0,27,44,217969.544,20.544
218062.0,43,44,218082.544,20.544
218138.0,38,44,218158.544,20.544
218239.0,6,44,218259.544,20.544
218340.0,3,44,218360.544,20.544
218369.0,42,43,218389.544,20.544
218400.3192821325,19,42,218420.8632821325,20.544
218563.0,36,44,218583.544,20.544
218597.0,13,44,218617.544,20.544
218660.0,23,44,218680.544,20.544
218782.0,15,44,218802.544,20.544
218886.0,30,44,218906.544,20.544
219048.0,0,44,219068.544,20.544
219238.0,21,44,219258.544,20.544
219304.0,16,44,219324.544,20.544
219332.31534772785,33,44,219352.85934772785,20.544
219519.0,47,44,219539.544,20.544
219647.0,4,44,219667.544,20.544
219809.0,8,44,219829.544,20.544
219839.0,44,44,219859.544,20.544
219881.0,29,44,219901.544,20.544
220224.0,39,45,220244.544,20.544
220270.0,1,45,220290.544,20.544
220356.0,48,45,220376.544,20.544
220438.0,24,45,220458.544,20.544
220541.0,32,45,220561.544,20.544
220596.0,22,45,220616.544,20.544
220633.64694009168,34,40,220654.19094009168,20.544
220681.0,12,45,220701.544,20.544
220712.6874421941,45,39,220733.23144219408,20.544
220890.0,41,45,220910.544,20.544
221086.0,5,45,221106.544,20.544
221118.0,14,45,221138.544,20.544
221189.0,18,45,221209.544,20.544
221393.0,2,45,221413.544,20.544
221439.0,49,45,221459.544,20.544
221614.0,17,45,221634.544,20.544
222058.0,20,45,222078.544,20.544
222084.0,31,45,222104.544,20.544
222376.0,10,45,222396.544,20.544
222418.0,9,45,222438.544,20.544
222518.0,28,44,222538.544,20.544
222550.33331517776,7,43,222570.87731517776,20.544
222614.0,26,45,222634.544,20.544
222642.36670619214,25,45,222662.91070619214,20.544
222685.0,11,45,222705.544,20.544
222815.0,35,45,222835.544,20.544
222868.0,40,45,222888.544,20.544
222922.4911410022,37,45,222943.03514100218,20.544
222949.0,27,45,222969.544,20.544
223062.0,43,45,223082.544,20.544
223138.0,38,45,223158.544,20.544
223239.0,6,45,223259.544,20.544
223340.0,3,45,223360.544,20.544
223369.0,42,44,223389.544,20.544
223462.20405606355,19,43,223482.74805606354,20.544
223563.0,36,45,223583.544,20.544
223597.0,13,45,223617.544,20.544
223660.0,23,45,223680.544,20.544
223782.0,15,45,223802.544,20.544
223886.0,30,45,223906.544,20.544
224048.0,0,45,224068.544,20.544
224238.0,21,45,224258.544,20.544
224304.0,16,45,224324.544,20.544
224357.86204999915,33,45,224378.40604999915,20.544
224519.0,47,45,224539.544,20.544
224647.0,4,45,224667.544,20.544
224809.0,8,45,224829.544,20.544
224839.0,44,45,224859.544,20.544
224881.0,29,45,224901.544,20.544
225224.0,39,46,225244.544,20.544
225270.0,1,46,225290.544,20.544
225356.0,48,46,225376.544,20.544
225438.0,24,46,225458.544,20.544
225541.0,32,46,225561.544,20.544
225596.0,22,46,225616.544,20.544
225634.30015464275,34,41,225654.84415464275,20.544
225681.0,12,46,225701.544,20.544
225719.47169532228,45,40,225740.01569532228,20.544
225890.0,41,46,225910.544,20.544
226086.0,5,46,226106.544,20.544
226118.0,14,46,226138.544,20.544
226189.0,18,46,226209.544,20.544
226393.0,2,46,226413.544,20.544
226439.0,49,46,226459.544,20.544
226614.0,17,46,226634.544,20.544
227058.0,20,46,227078.544,20.544
227084.0,31,46,227104.544,20.544
227376.0,10,46,227396.544,20.544
227401.94323964952,46,41,227422.48723964952,20.544
227429.51177651953,9,46,227450.05577651953,20.544
227518.0,28,45,227538.544,20.544
227563.18536514527,7,44,227583.72936514526,20.544
227614.0,26,46,227634.544,20.544
227641.27738209712,25,46,227661.8213820971,20.544
227685.0,11,46,227705.544,20.544
227815.0,35,46,227835.544,20.544
227868.0,40,46,227888.544,20.544
227923.1184564019,37,46,227943.6624564019,20.544
227949.0,27,46,227969.544,20.544
228062.0,43,46,228082.544,20.544
228138.0,38,46,228158.544,20.544
228239.0,6,46,228259.544,20.544
228340.0,3,46,228360.544,20.544
228369.0,42,45,228389.544,20.544
228418.5557708193,19,44,228439.0997708193,20.544
228563.0,36,46,228583.544,20.544
228597.0,13,46,228617.544,20.544
228660.0,23,46,228680.544,20.544
228782.0,15,46,228802.544,20.544
228886.0,30,46,228906.544,20.544
229048.0,0,46,229068.544,20.544
229238.0,21,46,229258.544,20.544
229304.0,16,46,229324.544,20.544
229334.96326945355,33,46,229355.50726945355,20.544
229519.0,47,46,229539.544,20.544
229647.0,4,46,229667.544,20.544
229809.0,8,46,229829.544,20.544
229839.0,44,46,229859.544,20.544
229881.0,29,46,229901.544,20.544
230224.0,39,47,230244.544,20.544
230270.0,1,47,230290.544,20.544
230356.0,48,47,230376.544,20.544
230438.0,24,47,230458.544,20.544
230541.0,32,47,230561.544,20.544
230596.0,22,47,230616.544,20.544
230622.1985001198,34,42,230642.74250011978,20.544
230658.75284452326,45,41,230679.29684452325,20.544
230704.6262104063,12,47,230725.1702104063,20.544
230890.0,41,47,230910.544,20.544
231086.0,5,47,231106.544,20.544
231118.0,14,47,231138.544,20.544
231189.0,18,47,231209.544,20.544
231393.0,2,47,231413.544,20.544
231439.0,49,47,231459.544,20.544
231614.0,17,47,231634.544,20.544
232058.0,20,47,232078.544,20.544
232084.0,31,47,232104.544,20.544
232376.0,10,47,232396.544,20.544
232406.66393289028,46,42,232427.20793289028,20.544
232433.1683719079,9,47,232453.7123719079,20.544
232518.0,28,46,232538.544,20.544
232548.8645488211,7,45,232569.40854882108,20.544
232614.0,26,47,232634.544,20.544
232644.07507210626,25,47,232664.61907210626,20.544
232685.0,11,47,232705.544,20.544
232815.0,35,47,232835.544,20.544
232868.0,40,47,232888.544,20.544
232900.4935796829,37,47,232921.0375796829,20.544
232949.0,27,47,232969.544,20.544
233062.0,43,47,233082.544,20.544
233138.0,38,47,233158.544,20.544
233239.0,6,47,233259.544,20.544
233340.0,3,47,233360.544,20.544
233369.0,42,46,233389.544,20.544
233395.24820435853,19,45,233415.79220435853,20.544
233563.0,36,47,233583.544,20.544
233597.0,13,47,233617.544,20.544
233660.0,23,47,233680.544,20.544
233782.0,15,47,233802.544,20.544
233886.0,30,47,233906.544,20.544
234048.0,0,47,234068.544,20.544
234238.0,21,47,234258.544,20.544
234304.0,16,47,234324.544,20.544
234335.87155995416,33,47,234356.41555995416,20.544
234519.0,47,47,234539.544,20.544
234647.0,4,47,234667.544,20.544
234809.0,8,47,234829.544,20.544
234839.0,44,47,234859.544,20.544
234881.0,29,47,234901.544,20.544
235224.0,39,48,235244.544,20.544
235270.0,1,48,235290.544,20.544
235356.0,48,48,235376.544,20.544
235438.0,24,48,235458.544,20.544
235541.0,32,48,235561.544,20.544
235596.0,22,48,235616.544,20.544
235629.59718936312,34,43,235650.14118936312,20.544
235679.7006604157,45,42,235700.2446604157,20.544
235749.8050192254,12,48,235770.3490192254,20.544
235890.0,41,48,235910.544,20.544
236086.0,5,48,236106.544,20.544
236118.0,14,48,236138.544,20.544
236189.0,18,48,236209.544,20.544
236393.0,2,48,236413.544,20.544
236439.0,49,48,236459.544,20.544
236614.0,17,48,236634.544,20.544
237058.0,20,48,237078.544,20.544
237084.0,31,48,237104.544,20.544
237376.0,10,48,237396.544,20.544
237418.0,9,48,237438.544,20.544
237462.7603037837,46,43,237483.3043037837,20.544
237518.0,28,47,237538.544,20.544
237550.6349786771,7,46,237571.17897867708,20.544
237614.0,26,48,237634.544,20.544
237656.9393892039,25,48,237677.4833892039,20.544
237685.0,11,48,237705.544,20.544
237815.0,35,48,237835.544,20.544
237868.0,40,48,237888.544,20.544
237910.72115934844,37,48,237931.26515934843,20.544
237949.0,27,48,237969.544,20.544
238062.0,43,48,238082.544,20.544
238138.0,38,48,238158.544,20.544
238239.0,6,48,238259.544,20.544
238340.0,3,48,238360.544,20.544
238367.8337130519,19,46,238388.3777130519,20.544
238415.89273484526,42,47,238436.43673484525,20.544
238563.0,36,48,238583.544,20.544
238597.0,13,48,238617.544,20.544
238660.0,23,48,238680.544,20.544
238782.0,15,48,238802.544,20.544
238886.0,30,48,238906.544,20.544
239048.0,0,48,239068.544,20.544
239238.0,21,48,239258.544,20.544
239304.0,16,48,239324.544,20.544
239361.94808071817,33,48,239382.49208071816,20.544
239519.0,47,48,239539.544,20.544
239647.0,4,48,239667.544,20.544
239809.0,8,48,239829.544,20.544
239839.0,44,48,239859.544,20.544
239881.0,29,48,239901.544,20.544
240224.0,39,49,240244.544,20.544
240270.0,1,49,240290.544,20.544
240356.0,48,49,240376.544,20.544
240438.0,24,49,240458.544,20.544
240541.0,32,49,240561.544,20.544
240596.0,22,49,240616.544,20.544
240624.8687749756,34,44,240645.4127749756,20.544
240651.05598836136,45,43,240671.59998836135,20.544
240681.0,12,49,240701.544,20.544
240890.0,41,49,240910.544,20.544
241086.0,5,49,241106.544,20.544
241118.0,14,49,241138.544,20.544
241189.0,18,49,241209.544,20.544
241393.0,2,49,241413.544,20.544
241439.0,49,49,241459.544,20.544
241614.0,17,49,241634.544,20.544
242058.0,20,49,242078.544,20.544
242084.0,31,49,242104.544,20.544
242376.0,10,49,242396.544,20.544
242407.85900476208,46,44,242428.40300476208,20.544
242442.00473980737,9,49,242462.54873980736,20.544
242518.0,28,48,242538.544,20.544
242563.0663012077,7,47,242583.6103012077,20.544
242614.0,26,49,242634.544,20.544
242642.91018115167,25,49,242663.45418115167,20.544
242685.0,11,49,242705.544,20.544
242815.0,35,49,242835.544,20.544
242868.0,40,49,242888.544,20.544
242895.22449474852,37,49,242915.7684947485,20.544
242949.0,27,49,242969.544,20.544
243062.0,43,49,243082.544,20.544
243138.0,38,49,243158.544,20.544
243239.0,6,49,243259.544,20.544
243340.0,3,49,243360.544,20.544
243369.0,42,48,243389.544,20.544
243402.4112595893,19,47,243422.9552595893,20.544
243563.0,36,49,243583.544,20.544
243597.0,13,49,243617.544,20.544
243660.0,23,49,243680.544,20.544
243782.0,15,49,243802.544,20.544
243886.0,30,49,243906.544,20.544
244048.0,0,49,244068.544,20.544
244238.0,21,49,244258.544,20.544
244304.0,16,49,244324.544,20.544
244357.16697918047,33,49,244377.71097918047,20.544
244519.0,47,49,244539.544,20.544
244647.0,4,49,244667.544,20.544
244809.0,8,49,244829.544,20.544
244839.0,44,49,244859.544,20.544
244881.0,29,49,244901.544,20.544
245224.0,39,50,245244.544,20.544
245270.0,1,50,245290.544,20.544
245356.0,48,50,245376.544,20.544
245438.0,24,50,245458.544,20.544
245541.0,32,50,245561.544,20.544
245596.0,22,50,245616.544,20.544
245631.64794336297,34,45,245652.19194336297,20.544
245670.484224284,45,44,245691.028224284,20.544
245789.7211537477,12,50,245810.2651537477,20.544
245890.0,41,50,245910.544,20.544
246086.0,5,50,246106.544,20.544
246118.0,14,50,246138.544,20.544
246189.0,18,50,246209.544,20.544
246393.0,2,50,246413.544,20.544
246439.0,49,50,246459.544,20.544
246614.0,17,50,246634.544,20.544
247058.0,20,50,247078.544,20.544
247084.0,31,50,247104.544,20.544
247376.0,10,50,247396.544,20.544
247403.41174547747,46,45,247423.95574547746,20.544
247438.98916019054,9,50,247459.53316019053,20.544
247518.0,28,49,247538.544,20.544
247546.60510405834,7,48,247567.14910405834,20.544
247614.0,26,50,247634.544,20.544
247640.67991988125,25,50,247661.22391988125,20.544
247685.0,11,50,247705.544,20.544
247815.0,35,50,247835.544,20.544
247868.0,40,50,247888.544,20.544
247898.77115947177,37,50,247919.31515947176,20.544
247949.0,27,50,247969.544,20.544
248062.0,43,50,248082.544,20.544
248138.0,38,50,248158.544,20.544
248239.0,6,50,248259.544,20.544
248340.0,3,50,248360.544,20.544
248369.0,42,49,248389.544,20.544
248402.9929028646,19,48,248423.53690286458,20.544
248563.0,36,50,248583.544,20.544
248597.0,13,50,248617.544,20.544
248660.0,23,50,248680.544,20.544
248782.0,15,50,248802.544,20.544
248886.0,30,50,248906.544,20.544
249048.0,0,50,249068.544,20.544
249238.0,21,50,249258.544,20.544
249304.0,16,50,249324.544,20.544
249351.53588476934,33,50,249372.07988476934,20.544
249519.0,47,50,249539.544,20.544
249647.0,4,50,249667.544,20.544
249809.0,8,50,249829.544,20.544
249839.0,44,50,249859.544,20.544
249881.0,29,50,249901.544,20.544
250224.0,39,51,250244.544,20.544
250270.0,1,51,250290.544,20.544
250356.0,48,51,250376.544,20.544
250438.0,24,51,250458.544,20.544
250541.0,32,51,250561.544,20.544
250596.0,22,51,250616.544,20.544
250635.0,45,45,250655.544,20.544
250672.1124693711,34,46,250692.65646937108,20.544
250726.56920030812,12,51,250747.11320030811,20.544
250890.0,41,51,250910.544,20.544
251086.0,5,51,251106.544,20.544
251118.0,14,51,251138.544,20.544
251189.0,18,51,251209.544,20.544
251393.0,2,51,251413.544,20.544
251439.0,49,51,251459.544,20.544
251614.0,17,51,251634.544,20.544
252058.0,20,51,252078.544,20.544
252084.0,31,51,252104.544,20.544
252376.0,10,51,252396.544,20.544
252405.38869688712,46,46,252425.93269688712,20.544
252470.0859955332,9,51,252490.6299955332,20.544
252518.0,28,50,252538.544,20.544
252560.33446591746,7,49,252580.87846591746,20.544
252614.0,26,51,252634.544,20.544
252652.84333793927,25,51,252673.38733793926,20.544
252685.0,11,51,252705.544,20.544
252815.0,35,51,252835.544,20.544
252868.0,40,51,252888.544,20.544
252898.96362155542,37,51,252919.5076215554,20.544
252949.0,27,51,252969.544,20.544
253062.0,43,51,253082.544,20.544
253138.0,38,51,253158.544,20.544
253239.0,6,51,253259.544,20.544
253340.0,3,51,253360.544,20.544
253369.0,42,50,253389.544,20.544
253395.84587001364,19,49,253416.38987001363,20.544
253563.0,36,51,253583.544,20.544
253597.0,13,51,253617.544,20.544
253660.0,23,51,253680.544,20.544
253782.0,15,51,253802.544,20.544
253886.0,30,51,253906.544,20.544
254048.0,0,51,254068.544,20.544
254238.0,21,51,254258.544,20.544
254304.0,16,51,254324.544,20.544
254335.50304075258,33,51,254356.04704075257,20.544
254519.0,47,51,254539.544,20.544
254647.0,4,51,254667.544,20.544
254809.0,8,51,254829.544,20.544
254839.0,44,51,254859.544,20.544
254881.0,29,51,254901.544,20.544
255224.0,39,52,255244.544,20.544
255270.0,1,52,255290.544,20.544
255356.0,48,52,255376.544,20.544
255438.0,24,52,255458.544,20.544
255541.0,32,52,255561.544,20.544
255596.0,22,52,255616.544,20.544
255635.0,45,46,255655.544,20.544
255680.67974160318,34,47,255701.22374160317,20.544
255771.38940016096,12,52,255791.93340016095,20.544
255890.0,41,52,255910.544,20.544
256086.0,5,52,256106.544,20.544
256118.0,14,52,256138.544,20.544
256189.0,18,52,256209.544,20.544
256393.0,2,52,256413.544,20.544
256439.0,49,52,256459.544,20.544
256614.0,17,52,256634.544,20.544
257058.0,20,52,257078.544,20.544
257084.0,31,52,257104.544,20.544
257376.0,10,52,257396.544,20.544
257406.0661880801,46,47,257426.61018808009,20.544
257468.85576035836,9,52,257489.39976035836,20.544
257518.0,28,51,257538.544,20.544
257575.8677685365,7,50,257596.4117685365,20.544
257614.0,26,52,257634.544,20.544
257657.9613042517,25,52,257678.50530425168,20.544
257685.0,11,52,257705.544,20.544
257815.0,35,52,257835.544,20.544
257868.0,40,52,257888.544,20.544
257906.08416328023,37,52,257926.62816328023,20.544
257949.0,27,52,257969.544,20.544
258062.0,43,52,258082.544,20.544
258138.0,38,52,258158.544,20.544
258239.0,6,52,258259.544,20.544
258340.0,3,52,258360.544,20.544
258369.0,42,51,258389.544,20.544
258408.4503307812,19,50,258428.9943307812,20.544
258563.0,36,52,258583.544,20.544
258597.0,13,52,258617.544,20.544
258660.0,23,52,258680.544,20.544
258782.0,15,52,258802.544,20.544
258886.0,30,52,258906.544,20.544
259048.0,0,52,259068.544,20.544
259238.0,21,52,259258.544,20.544
259304.0,16,52,259324.544,20.544
259329.8117229559,33,52,259350.3557229559,20.544
259519.0,47,52,259539.544,20.544
259647.0,4,52,259667.544,20.544
259809.0,8,52,259829.544,20.544
259839.0,44,52,259859.544,20.544
259881.0,29,52,259901.544,20.544
260224.0,39,53,260244.544,20.544
260270.0,1,53,260290.544,20.544
260356.0,48,53,260376.544,20.544
260438.0,24,53,260458.544,20.544
260541.0,32,53,260561.544,20.544
260596.0,22,53,260616.544,20.544
260635.0,45,47,260655.544,20.544
260681.0,12,53,260701.544,20.544
260723.31693779843,34,48,260743.86093779842,20.544
260890.0,41,53,260910.544,20.544
261086.0,5,53,261106.544,20.544
261118.0,14,53,261138.544,20.544
261189.0,18,53,261209.544,20.544
261393.0,2,53,261413.544,20.544
261439.0,49,53,261459.544,20.544
261614.0,17,53,261634.544,20.544
262058.0,20,53,262078.544,20.544
262084.0,31,53,262104.544,20.544
262376.0,10,53,262396.544,20.544
262405.782576156,46,48,262426.326576156,20.544
262434.9180095956,9,53,262455.4620095956,20.544
262518.0,28,52,262538.544,20.544
262567.2267046048,7,51,262587.7707046048,20.544
262614.0,26,53,262634.544,20.544
262649.8658108246,25,53,262670.4098108246,20.544
262685.0,11,53,262705.544,20.544
262815.0,35,53,262835.544,20.544
262868.0,40,53,262888.544,20.544
262912.85798605334,37,53,262933.40198605333,20.544
262949.0,27,53,262969.544,20.544
263062.0,43,53,263082.544,20.544
263138.0,38,53,263158.544,20.544
263239.0,6,53,263259.544,20.544
263340.0,3,53,263360.544,20.544
263369.0,42,52,263389.544,20.544
263420.9322399653,19,51,263441.4762399653,20.544
263563.0,36,53,263583.544,20.544
263597.0,13,53,263617.544,20.544
263660.0,23,53,263680.544,20.544
263782.0,15,53,263802.544,20.544
263886.0,30,53,263906.544,20.544
264048.0,0,53,264068.544,20.544
264238.0,21,53,264258.544,20.544
264304.0,16,53,264324.544,20.544
264370.50249308045,33,53,264391.04649308044,20.544
264519.0,47,53,264539.544,20.544
264647.0,4,53,264667.544,20.544
264809.0,8,53,264829.544,20.544
264839.0,44,53,264859.544,20.544
264881.0,29,53,264901.544,20.544
265224.0,39,54,265244.544,20.544
265270.0,1,54,265290.544,20.544
265356.0,48,54,265376.544,20.544
265438.0,24,54,265458.544,20.544
265541.0,32,54,265561.544,20.544
265596.0,22,54,265616.544,20.544
265628.1186048636,34,49,265648.6626048636,20.544
265658.6474033636,45,48,265679.1914033636,20.544
265755.9376653131,12,54,265776.48166531307,20.544
265890.0,41,54,265910.544,20.544
266086.0,5,54,266106.544,20.544
266118.0,14,54,266138.544,20.544
266189.0,18,54,266209.544,20.544
266393.0,2,54,266413.544,20.544
266439.0,49,54,266459.544,20.544
266614.0,17,54,266634.544,20.544
267058.0,20,54,267078.544,20.544
267084.0,31,54,267104.544,20.544
267376.0,10,54,267396.544,20.544
267402.7728261759,46,49,267423.3168261759,20.544
267441.3290662556,9,54,267461.8730662556,20.544
267518.0,28,53,267538.544,20.544
267586.7002710911,7,52,267607.24427109107,20.544
267614.0,26,54,267634.544,20.544
267644.33336802106,25,54,267664.87736802106,20.544
267685.0,11,54,267705.544,20.544
267815.0,35,54,267835.544,20.544
267868.0,40,54,267888.544,20.544
267913.33062502346,37,54,267933.87462502345,20.544
267949.0,27,54,267969.544,20.544
268062.0,43,54,268082.544,20.544
268138.0,38,54,268158.544,20.544
268239.0,6,54,268259.544,20.544
268340.0,3,54,268360.544,20.544
268369.0,42,53,268389.544,20.544
268405.9969582481,19,52,268426.5409582481,20.544
268563.0,36,54,268583.544,20.544
268597.0,13,54,268617.544,20.544
268660.0,23,54,268680.544,20.544
268782.0,15,54,268802.544,20.544
268886.0,30,54,268906.544,20.544
269048.0,0,54,269068.544,20.544
269238.0,21,54,269258.544,20.544
269304.0,16,54,269324.544,20.544
269366.5757118778,33,54,269387.1197118778,20.544
269519.0,47,54,269539.544,20.544
269647.0,4,54,269667.544,20.544
269809.0,8,54,269829.544,20.544
269839.0,44,54,269859.544,20.544
269881.0,29,54,269901.544,20.544
270224.0,39,55,270244.544,20.544
270270.0,1,55,270290.544,20.544
270356.0,48,55,270376.544,20.544
270438.0,24,55,270458.544,20.544
270541.0,32,55,270561.544,20.544
270596.0,22,55,270616.544,20.544
270635.0,45,49,270655.544,20.544
270681.0,12,55,270701.544,20.544
270890.0,41,55,270910.544,20.544
271086.0,5,55,271106.544,20.544
271118.0,14,55,271138.544,20.544
271189.0,18,55,271209.544,20.544
271393.0,2,55,271413.544,20.544
271439.0,49,55,271459.544,20.544
271614.0,17,55,271634.544,20.544
272058.0,20,55,272078.544,20.544
272084.0,31,55,272104.544,20.544
272376.0,10,55,272396.544,20.544
272404.72682641173,46,50,272425.2708264117,20.544
272446.1597411935,9,55,272466.7037411935,20.544
272518.0,28,54,272538.544,20.544
272581.9515592113,7,53,272602.4955592113,20.544
272614.0,26,55,272634.544,20.544
272656.01020751573,25,55,272676.5542075157,20.544
272685.0,11,55,272705.544,20.544
272815.0,35,55,272835.544,20.544
272868.0,40,55,272888.544,20.544
272923.4476091723,37,55,272943.9916091723,20.544
272949.0,27,55,272969.544,20.544
273062.0,43,55,273082.544,20.544
273138.0,38,55,273158.544,20.544
273239.0,6,55,273259.544,20.544
273340.0,3,55,273360.544,20.544
273365.5912057507,19,53,273386.1352057507,20.544
273471.1223481532,42,54,273491.6663481532,20.544
273563.0,36,55,273583.544,20.544
273597.0,13,55,273617.544,20.544
273660.0,23,55,273680.544,20.544
273782.0,15,55,273802.544,20.544
273886.0,30,55,273906.544,20.544
274048.0,0,55,274068.544,20.544
274238.0,21,55,274258.544,20.544
274304.0,16,55,274324.544,20.544
274362.31241857004,33,55,274382.85641857004,20.544
274519.0,47,55,274539.544,20.544
274647.0,4,55,274667.544,20.544
274809.0,8,55,274829.544,20.544
274839.0,44,55,274859.544,20.544
274881.0,29,55,274901.544,20.544
275224.0,39,56,275244.544,20.544
275270.0,1,56,275290.544,20.544
275356.0,48,56,275376.544,20.544
275438.0,24,56,275458.544,20.544
275541.0,32,56,275561.544,20.544
275596.0,22,56,275616.544,20.544
275633.6150497985,34,50,275654.1590497985,20.544
275681.0,12,56,275701.544,20.544
275720.87152165733,45,50,275741.4155216573,20.544
275890.0,41,56,275910.544,20.544
276086.0,5,56,276106.544,20.544
276118.0,14,56,276138.544,20.544
276189.0,18,56,276209.544,20.544
276393.0,2,56,276413.544,20.544
276439.0,49,56,276459.544,20.544
276614.0,17,56,276634.544,20.544
277058.0,20,56,277078.544,20.544
277084.0,31,56,277104.544,20.544
277376.0,10,56,277396.544,20.544
277418.0,9,56,277438.544,20.544
277462.9252955975,46,51,277483.4692955975,20.544
277518.0,28,55,277538.544,20.544
277552.2022182693,7,54,277572.7462182693,20.544
277614.0,26,56,277634.544,20.544
277640.1253301936,25,56,277660.6693301936,20.544
277685.0,11,56,277705.544,20.544
277815.0,35,56,277835.544,20.544
277868.0,40,56,277888.544,20.544
277949.0,27,56,277969.544,20.544
278062.0,43,56,278082.544,20.544
278138.0,38,56,278158.544,20.544
278239.0,6,56,278259.544,20.544
278340.0,3,56,278360.544,20.544
278369.0,42,55,278389.544,20.544
278401.874084365,19,54,278422.41808436497,20.544
278563.0,36,56,278583.544,20.544
278597.0,13,56,278617.544,20.544
278660.0,23,56,278680.544,20.544
278782.0,15,56,278802.544,20.544
278886.0,30,56,278906.544,20.544
279048.0,0,56,279068.544,20.544
279238.0,21,56,279258.544,20.544
279304.0,16,56,279324.544,20.544
279347.41980415146,33,56,279367.96380415146,20.544
279519.0,47,56,279539.544,20.544
279647.0,4,56,279667.544,20.544
279809.0,8,56,279829.544,20.544
279839.0,44,56,279859.544,20.544
279881.0,29,56,279901.544,20.544
280224.0,39,57,280244.544,20.544
280270.0,1,57,280290.544,20.544
280356.0,48,57,280376.544,20.544
280438.0,24,57,280458.544,20.544
280541.0,32,57,280561.544,20.544
280596.0,22,57,280616.544,20.544
280635.0,45,51,280655.544,20.544
280681.0,12,57,280701.544,20.544
280712.64713224943,34,51,280733.1911322494,20.544
280890.0,41,57,280910.544,20.544
281086.0,5,57,281106.544,20.544
281118.0,14,57,281138.544,20.544
281189.0,18,57,281209.544,20.544
281393.0,2,57,281413.544,20.544
281439.0,49,57,281459.544,20.544
281614.0,17,57,281634.544,20.544
282058.0,20,57,282078.544,20.544
282084.0,31,57,282104.544,20.544
282376.0,10,57,282396.544,20.544
282417.751056348,46,52,282438.29505634797,20.544
282470.7928682238,9,57,282491.3368682238,20.544
282518.0,28,56,282538.544,20.544
282584.90285268734,7,55,282605.44685268734,20.544
282614.0,26,57,282634.544,20.544
282642.3246811796,25,57,282662.8686811796,20.544
282685.0,11,57,282705.544,20.544
282815.0,35,57,282835.544,20.544
282868.0,40,57,282888.544,20.544
282897.0427986272,37,56,282917.5867986272,20.544
282949.0,27,57,282969.544,20.544
283062.0,43,57,283082.544,20.544
283138.0,38,57,283158.544,20.544
283239.0,6,57,283259.544,20.544
283340.0,3,57,283360.544,20.544
283369.0,42,56,283389.544,20.544
283415.06028548727,19,55,283435.60428548726,20.544
283563.0,36,57,283583.544,20.544
283597.0,13,57,283617.544,20.544
283660.0,23,57,283680.544,20.544
283782.0,15,57,283802.544,20.544
283886.0,30,57,283906.544,20.544
284048.0,0,57,284068.544,20.544
284238.0,21,57,284258.544,20.544
284304.0,16,57,284324.544,20.544
284399.41984743095,33,57,284419.96384743095,20.544
284519.0,47,57,284539.544,20.544
284647.0,4,57,284667.544,20.544
284809.0,8,57,284829.544,20.544
284839.0,44,57,284859.544,20.544
284881.0,29,57,284901.544,20.544
285224.0,39,58,285244.544,20.544
285270.0,1,58,285290.544,20.544
285356.0,48,58,285376.544,20.544
285438.0,24,58,285458.544,20.544
285541.0,32,58,285561.544,20.544
285596.0,22,58,285616.544,20.544
285635.0,45,52,285655.544,20.544
285677.6332156588,34,52,285698.17721565877,20.544
285715.03810086596,12,58,285735.58210086595,20.544
285890.0,41,58,285910.544,20.544
286086.0,5,58,286106.544,20.544
286118.0,14,58,286138.544,20.544
286189.0,18,58,286209.544,20.544
286393.0,2,58,286413.544,20.544
286439.0,49,58,286459.544,20.544
286614.0,17,58,286634.544,20.544
287058.0,20,58,287078.544,20.544
287084.0,31,58,287104.544,20.544
287376.0,10,58,287396.544,20.544
287418.0,9,58,287438.544,20.544
287484.77072233596,46,53,287505.31472233596,20.544
287518.0,28,57,287538.544,20.544
287575.7869564507,7,56,287596.3309564507,20.544
287614.0,26,58,287634.544,20.544
287641.7805135232,25,58,287662.3245135232,20.544
287685.0,11,58,287705.544,20.544
287815.0,35,58,287835.544,20.544
287868.0,40,58,287888.544,20.544
287898.9418761766,37,57,287919.4858761766,20.544
287949.0,27,58,287969.544,20.544
288062.0,43,58,288082.544,20.544
288138.0,38,58,288158.544,20.544
288239.0,6,58,288259.544,20.544
288340.0,3,58,288360.544,20.544
288369.0,42,57,288389.544,20.544
288402.8836835226,19,56,288423.4276835226,20.544
288563.0,36,58,288583.544,20.544
288597.0,13,58,288617.544,20.544
288660.0,23,58,288680.544,20.544
288782.0,15,58,288802.544,20.544
288886.0,30,58,288906.544,20.544
289048.0,0,58,289068.544,20.544
289238.0,21,58,289258.544,20.544
289304.0,16,58,289324.544,20.544
289331.9256007029,33,58,289352.46960070287,20.544
289519.0,47,58,289539.544,20.544
289647.0,4,58,289667.544,20.544
289809.0,8,58,289829.544,20.544
289839.0,44,58,289859.544,20.544
289881.0,29,58,289901.544,20.544
290224.0,39,59,290244.544,20.544
290270.0,1,59,290290.544,20.544
290356.0,48,59,290376.544,20.544
290438.0,24,59,290458.544,20.544
290541.0,32,59,290561.544,20.544
290596.0,22,59,290616.544,20.544
290625.4482836781,34,53,290645.9922836781,20.544
290659.51559364673,45,53,290680.0595936467,20.544
290694.73933162924,12,59,290715.28333162924,20.544
290890.0,41,59,290910.544,20.544
291086.0,5,59,291106.544,20.544
291118.0,14,59,291138.544,20.544
291189.0,18,59,291209.544,20.544
291393.0,2,59,291413.544,20.544
291439.0,49,59,291459.544,20.544
291614.0,17,59,291634.544,20.544
292058.0,20,59,292078.544,20.544
292084.0,31,59,292104.544,20.544
292376.0,10,59,292396.544,20.544
292409.2693496581,46,54,292429.8133496581,20.544
292438.4640278094,9,59,292459.0080278094,20.544
292518.0,28,58,292538.544,20.544
292581.22172952874,7,57,292601.76572952874,20.544
292614.0,26,59,292634.544,20.544
292660.53208873107,25,59,292681.07608873106,20.544
292693.0190916114,11,59,292713.5630916114,20.544
292815.0,35,59,292835.544,20.544
292868.0,40,59,292888.544,20.544
292908.5677599207,37,58,292929.1117599207,20.544
292949.0,27,59,292969.544,20.544
293062.0,43,59,293082.544,20.544
293138.0,38,59,293158.544,20.544
293239.0,6,59,293259.544,20.544
293340.0,3,59,293360.544,20.544
293369.0,42,58,293389.544,20.544
293396.7330728355,19,57,293417.2770728355,20.544
293563.0,36,59,293583.544,20.544
293597.0,13,59,293617.544,20.544
293660.0,23,59,293680.544,20.544
293782.0,15,59,293802.544,20.544
293886.0,30,59,293906.544,20.544
294048.0,0,59,294068.544,20.544
294238.0,21,59,294258.544,20.544
294304.0,16,59,294324.544,20.544
294338.12544476794,33,59,294358.66944476793,20.544
294519.0,47,59,294539.544,20.544
294647.0,4,59,294667.544,20.544
294809.0,8,59,294829.544,20.544
294839.0,44,59,294859.544,20.544
294881.0,29,59,294901.544,20.544
295224.0,39,60,295244.544,20.544
295270.0,1,60,295290.544,20.544
295356.0,48,60,295376.544,20.544
295438.0,24,60,295458.544,20.544
295541.0,32,60,295561.544,20.544
295596.0,22,60,295616.544,20.544
295631.5194865964,34,54,295652.0634865964,20.544
295678.9862623463,45,54,295699.5302623463,20.544
295737.0094052531,12,60,295757.5534052531,20.544
295890.0,41,60,295910.544,20.544
296086.0,5,60,296106.544,20.544
296118.0,14,60,296138.544,20.544
296189.0,18,60,296209.544,20.544
296393.0,2,60,296413.544,20.544
296439.0,49,60,296459.544,20.544
296614.0,17,60,296634.544,20.544
297058.0,20,60,297078.544,20.544
297084.0,31,60,297104.544,20.544
297376.0,10,60,297396.544,20.544
297403.8262985676,46,55,297424.3702985676,20.544
297437.899311056,9,60,297458.443311056,20.544
297518.0,28,59,297538.544,20.544
297550.36885024456,7,58,297570.91285024455,20.544
297614.0,26,60,297634.544,20.544
297641.1675067519,25,60,297661.7115067519,20.544
297685.0,11,60,297705.544,20.544
297815.0,35,60,297835.544,20.544
297868.0,40,60,297888.544,20.544
297898.3885589852,37,59,297918.9325589852,20.544
297949.0,27,60,297969.544,20.544
298062.0,43,60,298082.544,20.544
298138.0,38,60,298158.544,20.544
298239.0,6,60,298259.544,20.544
298340.0,3,60,298360.544,20.544
298369.0,42,59,298389.544,20.544
298406.79647945403,19,58,298427.340479454,20.544
298563.0,36,60,298583.544,20.544
298597.0,13,60,298617.544,20.544
298660.0,23,60,298680.544,20.544
298782.0,15,60,298802.544,20.544
298886.0,30,60,298906.544,20.544
299048.0,0,60,299068.544,20.544
299238.0,21,60,299258.544,20.544
299304.0,16,60,299324.544,20.544
299377.5030723392,33,60,299398.0470723392,20.544
299519.0,47,60,299539.544,20.544
299647.0,4,60,299667.544,20.544
299809.0,8,60,299829.544,20.544
299839.0,44,60,299859.544,20.544
299881.0,29,60,299901.544,20.544
300224.0,39,61,300244.544,20.544
300270.0,1,61,300290.544,20.544
300356.0,48,61,300376.544,20.544
300438.0,24,61,300458.544,20.544
300541.0,32,61,300561.544,20.544
300596.0,22,61,300616.544,20.544
300631.9274986112,34,55,300652.4714986112,20.544
300662.0711868315,45,55,300682.6151868315,20.544
300710.2637185207,12,61,300730.8077185207,20.544
300890.0,41,61,300910.544,20.544
301086.0,5,61,301106.544,20.544
301118.0,14,61,301138.544,20.544
301189.0,18,61,301209.544,20.544
301393.0,2,61,301413.544,20.544
301439.0,49,61,301459.544,20.544
301614.0,17,61,301634.544,20.544
302058.0,20,61,302078.544,20.544
302084.0,31,61,302104.544,20.544
302376.0,10,61,302396.544,20.544
302418.0,9,61,302438.544,20.544
302455.2253073031,46,56,302475.76930730307,20.544
302518.0,28,60,302538.544,20.544
302580.72964379826,7,59,302601.27364379825,20.544
302614.0,26,61,302634.544,20.544
302643.95451585564,25,61,302664.49851585564,20.544
302685.0,11,61,302705.544,20.544
302815.0,35,61,302835.544,20.544
302868.0,40,61,302888.544,20.544
302897.37302134215,37,60,302917.91702134215,20.544
302949.0,27,61,302969.544,20.544
303062.0,43,61,303082.544,20.544
303138.0,38,61,303158.544,20.544
303239.0,6,61,303259.544,20.544
303340.0,3,61,303360.544,20.544
303369.0,42,60,303389.544,20.544
303419.03009257227,19,59,303439.57409257226,20.544
303563.0,36,61,303583.544,20.544
303597.0,13,61,303617.544,20.544
303660.0,23,61,303680.544,20.544
303782.0,15,61,303802.544,20.544
303886.0,30,61,303906.544,20.544
304048.0,0,61,304068.544,20.544
304238.0,21,61,304258.544,20.544
304304.0,16,61,304324.544,20.544
304418.1214230164,33,61,304438.6654230164,20.544
304519.0,47,61,304539.544,20.544
304647.0,4,61,304667.544,20.544
304809.0,8,61,304829.544,20.544
304839.0,44,61,304859.544,20.544
304881.0,29,61,304901.544,20.544
305224.0,39,62,305244.544,20.544
305270.0,1,62,305290.544,20.544
305356.0,48,62,305376.544,20.544
305438.0,24,62,305458.544,20.544
305541.0,32,62,305561.544,20.544
305596.0,22,62,305616.544,20.544
305634.13822442404,34,56,305654.68222442403,20.544
305668.8337660396,45,56,305689.3777660396,20.544
305696.91027048515,12,62,305717.45427048515,20.544
305890.0,41,62,305910.544,20.544
306086.0,5,62,306106.544,20.544
306118.0,14,62,306138.544,20.544
306189.0,18,62,306209.544,20.544
306393.0,2,62,306413.544,20.544
306439.0,49,62,306459.544,20.544
306614.0,17,62,306634.544,20.544
307058.0,20,62,307078.544,20.544
307084.0,31,62,307104.544,20.544
307376.0,10,62,307396.544,20.544
307418.0,9,62,307438.544,20.544
307505.1021541955,46,57,307525.6461541955,20.544
307551.1100683232,7,60,307571.6540683232,20.544
307614.0,26,62,307634.544,20.544
307640.1015677476,28,61,307660.6455677476,20.544
307684.6641368365,25,62,307705.2081368365,20.544
307740.5276965493,11,62,307761.0716965493,20.544
307815.0,35,62,307835.544,20.544
307868.0,40,62,307888.544,20.544
307939.2693726518,37,61,307959.8133726518,20.544
307972.5916020079,27,62,307993.1356020079,20.544
308062.0,43,62,308082.544,20.544
308138.0,38,62,308158.544,20.544
308239.0,6,62,308259.544,20.544
308340.0,3,62,308360.544,20.544
308369.0,42,61,308389.544,20.544
308442.0401858172,19,60,308462.5841858172,20.544
308563.0,36,62,308583.544,20.544
308597.0,13,62,308617.544,20.544
308660.0,23,62,308680.544,20.544
308782.0,15,62,308802.544,20.544
308886.0,30,62,308906.544,20.544
309048.0,0,62,309068.544,20.544
309238.0,21,62,309258.544,20.544
309304.0,16,62,309324.544,20.544
309376.6083828502,33,62,309397.1523828502,20.544
309519.0,47,62,309539.544,20.544
309647.0,4,62,309667.544,20.544
309809.0,8,62,309829.544,20.544
309839.0,44,62,309859.544,20.544
309881.0,29,62,309901.544,20.544
310224.0,39,63,310244.544,20.544
310270.0,1,63,310290.544,20.544
310356.0,48,63,310376.544,20.544
310438.0,24,63,310458.544,20.544
310541.0,32,63,310561.544,20.544
310596.0,22,63,310616.544,20.544
310635.0,45,57,310655.544,20.544
310681.0,12,63,310701.544,20.544
310746.6093647233,34,57,310767.1533647233,20.544
310890.0,41,63,310910.544,20.544
311086.0,5,63,311106.544,20.544
311118.0,14,63,311138.544,20.544
311189.0,18,63,311209.544,20.544
311393.0,2,63,311413.544,20.544
311439.0,49,63,311459.544,20.544
311614.0,17,63,311634.544,20.544
312058.0,20,63,312078.544,20.544
312084.0,31,63,312104.544,20.544
312376.0,10,63,312396.544,20.544
312418.0,9,63,312438.544,20.544
312496.1331460419,46,58,312516.6771460419,20.544
312529.0,7,61,312549.544,20.544
312566.7563679623,28,62,312587.3003679623,20.544
312614.0,26,63,312634.544,20.544
312662.93033300794,25,63,312683.47433300794,20.544
312702.88296333764,11,63,312723.42696333764,20.544
312815.0,35,63,312835.544,20.544
312868.0,40,63,312888.544,20.544
312908.8155250415,37,62,312929.3595250415,20.544
312949.0,27,63,312969.544,20.544
313062.0,43,63,313082.544,20.544
313138.0,38,63,313158.544,20.544
313239.0,6,63,313259.544,20.544
313340.0,3,63,313360.544,20.544
313368.5458615328,19,61,313389.0898615328,20.544
313399.8868347619,42,62,313420.4308347619,20.544
313563.0,36,63,313583.544,20.544
313597.0,13,63,313617.544,20.544
313660.0,23,63,313680.544,20.544
313782.0,15,63,313802.544,20.544
313886.0,30,63,313906.544,20.544
314048.0,0,63,314068.544,20.544
314238.0,21,63,314258.544,20.544
314304.0,16,63,314324.544,20.544
314339.5855262943,33,63,314360.1295262943,20.544
314519.0,47,63,314539.544,20.544
314647.0,4,63,314667.544,20.544
314809.0,8,63,314829.544,20.544
314839.0,44,63,314859.544,20.544
314881.0,29,63,314901.544,20.544
315224.0,39,64,315244.544,20.544
315270.0,1,64,315290.544,20.544
315356.0,48,64,315376.544,20.544
315438.0,24,64,315458.544,20.544
315541.0,32,64,315561.544,20.544
315596.0,22,64,315616.544,20.544
315631.0655054685,34,58,315651.6095054685,20.544
315662.6658624756,45,58,315683.2098624756,20.544
315698.0881636724,12,64,315718.6321636724,20.544
315890.0,41,64,315910.544,20.544
316086.0,5,64,316106.544,20.544
316118.0,14,64,316138.544,20.544
316189.0,18,64,316209.544,20.544
316393.0,2,64,316413.544,20.544
316439.0,49,64,316459.544,20.544
316614.0,17,64,316634.544,20.544
317058.0,20,64,317078.544,20.544
317084.0,31,64,317104.544,20.544
317376.0,10,64,317396.544,20.544
317417.36795443756,46,59,317437.91195443756,20.544
317451.67415832693,9,64,317472.2181583269,20.544
317518.0,28,63,317538.544,20.544
317583.9519738234,7,62,317604.4959738234,20.544
317614.0,26,64,317634.544,20.544
317652.1225377691,25,64,317672.6665377691,20.544
317685.0,11,64,317705.544,20.544
317815.0,35,64,317835.544,20.544
317868.0,40,64,317888.544,20.544
317949.0,27,64,317969.544,20.544
317986.4566917257,37,63,318007.0006917257,20.544
318062.0,43,64,318082.544,20.544
318138.0,38,64,318158.544,20.544
318239.0,6,64,318259.544,20.544
318340.0,3,64,318360.544,20.544
318369.0,42,63,318389.544,20.544
318406.34090196044,19,62,318426.88490196044,20.544
318563.0,36,64,318583.544,20.544
318597.0,13,64,318617.544,20.544
318660.0,23,64,318680.544,20.544
318782.0,15,64,318802.544,20.544
318886.0,30,64,318906.544,20.544
319048.0,0,64,319068.544,20.544
319238.0,21,64,319258.544,20.544
319304.0,16,64,319324.544,20.544
319330.5707370043,33,64,319351.1147370043,20.544
319519.0,47,64,319539.544,20.544
319647.0,4,64,319667.544,20.544
319809.0,8,64,319829.544,20.544
319839.0,44,64,319859.544,20.544
319881.0,29,64,319901.544,20.544
320224.0,39,65,320244.544,20.544
320270.0,1,65,320290.544,20.544
320356.0,48,65,320376.544,20.544
320438.0,24,65,320458.544,20.544
320541.0,32,65,320561.544,20.544
320596.0,22,65,320616.544,20.544
320623.292257037,34,59,320643.836257037,20.544
320650.8122989787,45,59,320671.3562989787,20.544
320681.0,12,65,320701.544,20.544
320890.0,41,65,320910.544,20.544
321086.0,5,65,321106.544,20.544
321118.0,14,65,321138.544,20.544
321189.0,18,65,321209.544,20.544
321393.0,2,65,321413.544,20.544
321439.0,49,65,321459.544,20.544
321614.0,17,65,321634.544,20.544
322058.0,20,65,322078.544,20.544
322084.0,31,65,322104.544,20.544
322376.0,10,65,322396.544,20.544
322418.0,9,65,322438.544,20.544
322460.07590625505,46,60,322480.61990625504,20.544
322518.0,28,64,322538.544,20.544
322553.2987432225,7,63,322573.8427432225,20.544
322614.0,26,65,322634.544,20.544
322646.8846169044,25,65,322667.4286169044,20.544
322685.0,11,65,322705.544,20.544
322815.0,35,65,322835.544,20.544
322868.0,40,65,322888.544,20.544
322910.1623132356,37,64,322930.70631323557,20.544
322949.0,27,65,322969.544,20.544
323062.0,43,65,323082.544,20.544
323138.0,38,65,323158.544,20.544
323239.0,6,65,323259.544,20.544
323340.0,3,65,323360.544,20.544
323369.0,42,64,323389.544,20.544
323460.2422533422,19,63,323480.7862533422,20.544
323563.0,36,65,323583.544,20.544
323597.0,13,65,323617.544,20.544
323660.0,23,65,323680.544,20.544
323782.0,15,65,323802.544,20.544
323886.0,30,65,323906.544,20.544
324048.0,0,65,324068.544,20.544
324238.0,21,65,324258.544,20.544
324304.0,16,65,324324.544,20.544
324356.6368718051,33,65,324377.1808718051,20.544
324519.0,47,65,324539.544,20.544
324647.0,4,65,324667.544,20.544
324809.0,8,65,324829.544,20.544
324839.0,44,65,324859.544,20.544
324881.0,29,65,324901.544,20.544
325224.0,39,66,325244.544,20.544
325270.0,1,66,325290.544,20.544
325356.0,48,66,325376.544,20.544
325438.0,24,66,325458.544,20.544
325541.0,32,66,325561.544,20.544
325596.0,22,66,325616.544,20.544
325630.57660092524,34,60,325651.12060092523,20.544
325658.95128921414,45,60,325679.49528921413,20.544
325703.02524361864,12,66,325723.56924361864,20.544
325890.0,41,66,325910.544,20.544
326086.0,5,66,326106.544,20.544
326118.0,14,66,326138.544,20.544
326189.0,18,66,326209.544,20.544
326393.0,2,66,326413.544,20.544
326439.0,49,66,326459.544,20.544
326614.0,17,66,326634.544,20.544
327058.0,20,66,327078.544,20.544
327084.0,31,66,327104.544,20.544
327376.0,10,66,327396.544,20.544
327402.9100096663,46,61,327423.4540096663,20.544
327459.01665239973,9,66,327479.5606523997,20.544
327518.0,28,65,327538.544,20.544
327584.46602848946,7,64,327605.01002848946,20.544
327614.0,26,66,327634.544,20.544
327650.47202095954,25,66,327671.01602095953,20.544
327685.0,11,66,327705.544,20.544
327815.0,35,66,327835.544,20.544
327868.0,40,66,327888.544,20.544
327906.38771360915,37,65,327926.93171360914,20.544
327949.0,27,66,327969.544,20.544
328062.0,43,66,328082.544,20.544
328138.0,38,66,328158.544,20.544
328239.0,6,66,328259.544,20.544
328340.0,3,66,328360.544,20.544
328366.29497054947,19,64,328386.83897054946,20.544
328427.3155090395,42,65,328447.8595090395,20.544
328563.0,36,66,328583.544,20.544
328597.0,13,66,328617.544,20.544
328660.0,23,66,328680.544,20.544
328782.0,15,66,328802.544,20.544
328886.0,30,66,328906.544,20.544
329048.0,0,66,329068.544,20.544
329238.0,21,66,329258.544,20.544
329304.0,16,66,329324.544,20.544
329329.8979235608,33,66,329350.4419235608,20.544
329519.0,47,66,329539.544,20.544
329647.0,4,66,329667.544,20.544
329809.0,8,66,329829.544,20.544
329839.0,44,66,329859.544,20.544
329881.0,29,66,329901.544,20.544
330224.0,39,67,330244.544,20.544
330270.0,1,67,330290.544,20.544
330356.0,48,67,330376.544,20.544
330438.0,24,67,330458.544,20.544
330541.0,32,67,330561.544,20.544
330596.0,22,67,330616.544,20.544
330635.0,45,61,330655.544,20.544
330671.0588631313,34,61,330691.60286313127,20.544
330718.50263504556,12,67,330739.04663504555,20.544
330890.0,41,67,330910.544,20.544
331086.0,5,67,331106.544,20.544
331118.0,14,67,331138.544,20.544
331189.0,18,67,331209.544,20.544
331393.0,2,67,331413.544,20.544
331439.0,49,67,331459.544,20.544
331614.0,17,67,331634.544,20.544
332058.0,20,67,332078.544,20.544
332084.0,31,67,332104.544,20.544
332376.0,10,67,332396.544,20.544
332404.76977974887,46,62,332425.31377974886,20.544
332436.2562669139,9,67,332456.8002669139,20.544
332518.0,28,66,332538.544,20.544
332550.86686896544,7,65,332571.41086896544,20.544
332614.0,26,67,332634.544,20.544
332659.27638978563,25,67,332679.82038978563,20.544
332685.0,11,67,332705.544,20.544
332815.0,35,67,332835.544,20.544
332868.0,40,67,332888.544,20.544
332932.7269095995,37,66,332953.2709095995,20.544
332983.72677016456,27,67,333004.27077016456,20.544
333062.0,43,67,333082.544,20.544
333138.0,38,67,333158.544,20.544
333239.0,6,67,333259.544,20.544
333340.0,3,67,333360.544,20.544
333369.0,42,66,333389.544,20.544
333422.4767724855,19,65,333443.02077248547,20.544
333563.0,36,67,333583.544,20.544
333597.0,13,67,333617.544,20.544
333660.0,23,67,333680.544,20.544
333782.0,15,67,333802.544,20.544
333886.0,30,67,333906.544,20.544
334048.0,0,67,334068.544,20.544
334238.0,21,67,334258.544,20.544
334304.0,16,67,334324.544,20.544
334337.5408375708,33,67,334358.0848375708,20.544
334519.0,47,67,334539.544,20.544
334647.0,4,67,334667.544,20.544
334809.0,8,67,334829.544,20.544
334839.0,44,67,334859.544,20.544
334881.0,29,67,334901.544,20.544
335224.0,39,68,335244.544,20.544
335270.0,1,68,335290.544,20.544
335356.0,48,68,335376.544,20.544
335438.0,24,68,335458.544,20.544
335541.0,32,68,335561.544,20.544
335596.0,22,68,335616.544,20.544
335628.06176850456,34,62,335648.60576850455,20.544
335659.63267054147,45,62,335680.17667054146,20.544
335703.7739137979,12,68,335724.3179137979,20.544
335890.0,41,68,335910.544,20.544
336086.0,5,68,336106.544,20.544
336118.0,14,68,336138.544,20.544
336189.0,18,68,336209.544,20.544
336393.0,2,68,336413.544,20.544
336439.0,49,68,336459.544,20.544
336614.0,17,68,336634.544,20.544
337058.0,20,68,337078.544,20.544
337084.0,31,68,337104.544,20.544
337376.0,10,68,337396.544,20.544
337418.0,9,68,337438.544,20.544
337461.2553869776,46,63,337481.79938697757,20.544
337518.0,28,67,337538.544,20.544
337558.00204300205,7,66,337578.54604300205,20.544
337614.0,26,68,337634.544,20.544
337653.0274648103,25,68,337673.5714648103,20.544
337685.0,11,68,337705.544,20.544
337815.0,35,68,337835.544,20.544
337868.0,40,68,337888.544,20.544
337927.3839864399,37,67,337947.9279864399,20.544
337964.5202835168,27,68,337985.0642835168,20.544
338062.0,43,68,338082.544,20.544
338138.0,38,68,338158.544,20.544
338239.0,6,68,338259.544,20.544
338340.0,3,68,338360.544,20.544
338369.0,42,67,338389.544,20.544
338401.1460094777,19,66,338421.6900094777,20.544
338563.0,36,68,338583.544,20.544
338597.0,13,68,338617.544,20.544
338660.0,23,68,338680.544,20.544
338782.0,15,68,338802.544,20.544
338886.0,30,68,338906.544,20.544
339048.0,0,68,339068.544,20.544
339238.0,21,68,339258.544,20.544
339304.0,16,68,339324.544,20.544
339331.0838242175,33,68,339351.6278242175,20.544
339519.0,47,68,339539.544,20.544
339647.0,4,68,339667.544,20.544
339809.0,8,68,339829.544,20.544
339839.0,44,68,339859.544,20.544
339881.0,29,68,339901.544,20.544
340224.0,39,69,340244.544,20.544
340270.0,1,69,340290.544,20.544
340356.0,48,69,340376.544,20.544
340438.0,24,69,340458.544,20.544
340541.0,32,69,340561.544,20.544
340596.0,22,69,340616.544,20.544
340635.0,45,63,340655.544,20.544
340660.6195940611,34,63,340681.1635940611,20.544
340691.1415747536,12,69,340711.6855747536,20.544
340890.0,41,69,340910.544,20.544
341086.0,5,69,341106.544,20.544
341118.0,14,69,341138.544,20.544
341189.0,18,69,341209.544,20.544
341393.0,2,69,341413.544,20.544
341439.0,49,69,341459.544,20.544
341614.0,17,69,341634.544,20.544
342058.0,20,69,342078.544,20.544
342084.0,31,69,342104.544,20.544
342376.0,10,69,342396.544,20.544
342405.2944331404,46,64,342425.8384331404,20.544
342439.6439006664,9,69,342460.1879006664,20.544
342518.0,28,68,342538.544,20.544
342543.60895373806,7,67,342564.15295373806,20.544
342614.0,26,69,342634.544,20.544
342656.2461347465,25,69,342676.7901347465,20.544
342685.0,11,69,342705.544,20.544
342815.0,35,69,342835.544,20.544
342868.0,40,69,342888.544,20.544
342949.0,27,69,342969.544,20.544
343062.0,43,69,343082.544,20.544
343138.0,38,69,343158.544,20.544
343239.0,6,69,343259.544,20.544
343340.0,3,69,343360.544,20.544
343369.0,42,68,343389.544,20.544
343399.5828458676,19,67,343420.1268458676,20.544
343563.0,36,69,343583.544,20.544
343597.0,13,69,343617.544,20.544
343660.0,23,69,343680.544,20.544
343782.0,15,69,343802.544,20.544
343886.0,30,69,343906.544,20.544
344048.0,0,69,344068.544,20.544
344238.0,21,69,344258.544,20.544
344304.0,16,69,344324.544,20.544
344338.68024575745,33,69,344359.22424575745,20.544
344519.0,47,69,344539.544,20.544
344647.0,4,69,344667.544,20.544
344809.0,8,69,344829.544,20.544
344839.0,44,69,344859.544,20.544
344881.0,29,69,344901.544,20.544
345224.0,39,70,345244.544,20.544
345270.0,1,70,345290.544,20.544
345356.0,48,70,345376.544,20.544
345438.0,24,70,345458.544,20.544
345541.0,32,70,345561.544,20.544
345596.0,22,70,345616.544,20.544
345635.0,45,64,345655.544,20.544
345681.0,12,70,345701.544,20.544
345716.6325572404,34,64,345737.17655724037,20.544
345890.0,41,70,345910.544,20.544
346086.0,5,70,346106.544,20.544
346118.0,14,70,346138.544,20.544
346189.0,18,70,346209.544,20.544
346393.0,2,70,346413.544,20.544
346439.0,49,70,346459.544,20.544
346614.0,17,70,346634.544,20.544
347058.0,20,70,347078.544,20.544
347084.0,31,70,347104.544,20.544
347376.0,10,70,347396.544,20.544
347402.0957468743,46,65,347422.6397468743,20.544
347433.8770720627,9,70,347454.4210720627,20.544
347518.0,28,69,347538.544,20.544
347549.1512691411,7,68,347569.6952691411,20.544
347614.0,26,70,347634.544,20.544
347639.91409268574,25,70,347660.45809268573,20.544
347685.0,11,70,347705.544,20.544
347815.0,35,70,347835.544,20.544
347868.0,40,70,347888.544,20.544
347908.9965495582,37,68,347929.5405495582,20.544
347949.0,27,70,347969.544,20.544
348062.0,43,70,348082.544,20.544
348138.0,38,70,348158.544,20.544
348239.0,6,70,348259.544,20.544
348340.0,3,70,348360.544,20.544
348369.0,42,69,348389.544,20.544
348396.477709213,19,68,348417.021709213,20.544
348563.0,36,70,348583.544,20.544
348597.0,13,70,348617.544,20.544
348660.0,23,70,348680.544,20.544
348782.0,15,70,348802.544,20.544
348886.0,30,70,348906.544,20.544
349048.0,0,70,349068.544,20.544
349238.0,21,70,349258.544,20.544
349304.0,16,70,349324.544,20.544
349349.3197537075,33,70,349369.8637537075,20.544
349519.0,47,70,349539.544,20.544
349647.0,4,70,349667.544,20.544
349809.0,8,70,349829.544,20.544
349839.0,44,70,349859.544,20.544
349881.0,29,70,349901.544,20.544
350224.0,39,71,350244.544,20.544
350270.0,1,71,350290.544,20.544
350356.0,48,71,350376.544,20.544
350438.0,24,71,350458.544,20.544
350541.0,32,71,350561.544,20.544
350596.0,22,71,350616.544,20.544
350632.7838088828,34,65,350653.3278088828,20.544
350666.39013017114,45,65,350686.93413017114,20.544
350710.51275329915,12,71,350731.05675329914,20.544
350890.0,41,71,350910.544,20.544
351086.0,5,71,351106.544,20.544
351118.0,14,71,351138.544,20.544
351189.0,18,71,351209.544,20.544
351393.0,2,71,351413.544,20.544
351439.0,49,71,351459.544,20.544
351614.0,17,71,351634.544,20.544
352058.0,20,71,352078.544,20.544
352084.0,31,71,352104.544,20.544
352376.0,10,71,352396.544,20.544
352418.0,9,71,352438.544,20.544
352487.158842334,46,66,352507.702842334,20.544
352518.0,28,70,352538.544,20.544
352558.25078711694,7,69,352578.79478711693,20.544
352614.0,26,71,352634.544,20.544
352652.85337594926,25,71,352673.39737594925,20.544
352685.0,11,71,352705.544,20.544
352815.0,35,71,352835.544,20.544
352868.0,40,71,352888.544,20.544
352918.45390983275,37,69,352938.99790983275,20.544
352949.0,27,71,352969.544,20.544
353062.0,43,71,353082.544,20.544
353138.0,38,71,353158.544,20.544
353239.0,6,71,353259.544,20.544
353340.0,3,71,353360.544,20.544
353369.0,42,70,353389.544,20.544
353421.3611020457,19,69,353441.9051020457,20.544
353563.0,36,71,353583.544,20.544
353597.0,13,71,353617.544,20.544
353660.0,23,71,353680.544,20.544
353782.0,15,71,353802.544,20.544
353886.0,30,71,353906.544,20.544
354048.0,0,71,354068.544,20.544
354238.0,21,71,354258.544,20.544
354304.0,16,71,354324.544,20.544
354371.8704936121,33,71,354392.4144936121,20.544
354519.0,47,71,354539.544,20.544
354647.0,4,71,354667.544,20.544
354809.0,8,71,354829.544,20.544
354839.0,44,71,354859.544,20.544
354881.0,29,71,354901.544,20.544
355224.0,39,72,355244.544,20.544
355270.0,1,72,355290.544,20.544
355356.0,48,72,355376.544,20.544
355438.0,24,72,355458.544,20.544
355541.0,32,72,355561.544,20.544
355596.0,22,72,355616.544,20.544
355635.0,45,66,355655.544,20.544
355665.1064654532,34,66,355685.6504654532,20.544
355691.50025918597,12,72,355712.04425918596,20.544
355890.0,41,72,355910.544,20.544
356086.0,5,72,356106.544,20.544
356118.0,14,72,356138.544,20.544
356189.0,18,72,356209.544,20.544
356393.0,2,72,356413.544,20.544
356439.0,49,72,356459.544,20.544
356614.0,17,72,356634.544,20.544
357058.0,20,72,357078.544,20.544
357084.0,31,72,357104.544,20.544
357376.0,10,72,357396.544,20.544
357408.48271963693,46,67,357429.0267196369,20.544
357457.1046165629,9,72,357477.6486165629,20.544
357518.0,28,71,357538.544,20.544
357553.26754516375,7,70,357573.81154516374,20.544
357614.0,26,72,357634.544,20.544
357655.8261435828,25,72,357676.3701435828,20.544
357685.0,11,72,357705.544,20.544
357815.0,35,72,357835.544,20.544
357868.0,40,72,357888.544,20.544
357931.42284819676,37,70,357951.96684819675,20.544
357973.23857681884,27,72,357993.78257681883,20.544
358062.0,43,72,358082.544,20.544
358138.0,38,72,358158.544,20.544
358239.0,6,72,358259.544,20.544
358340.0,3,72,358360.544,20.544
358369.0,42,71,358389.544,20.544
358408.90637018834,19,70,358429.45037018834,20.544
358563.0,36,72,358583.544,20.544
358597.0,13,72,358617.544,20.544
358660.0,23,72,358680.544,20.544
358782.0,15,72,358802.544,20.544
358886.0,30,72,358906.544,20.544
359048.0,0,72,359068.544,20.544
359238.0,21,72,359258.544,20.544
359304.0,16,72,359324.544,20.544
359336.59917280695,33,72,359357.14317280694,20.544
359519.0,47,72,359539.544,20.544
359647.0,4,72,359667.544,20.544
359809.0,8,72,359829.544,20.544
359839.0,44,72,359859.544,20.544
359881.0,29,72,359901.544,20.544
360224.0,39,73,360244.544,20.544
360270.0,1,73,360290.544,20.544
360356.0,48,73,360376.544,20.544
360438.0,24,73,360458.544,20.544
360541.0,32,73,360561.544,20.544
360596.0,22,73,360616.544,20.544
360635.0,45,67,360655.544,20.544
360681.0,12,73,360701.544,20.544
360890.0,41,73,360910.544,20.544
361086.0,5,73,361106.544,20.544
361118.0,14,73,361138.544,20.544
361189.0,18,73,361209.544,20.544
361393.0,2,73,361413.544,20.544
361439.0,49,73,361459.544,20.544
361614.0,17,73,361634.544,20.544
362058.0,20,73,362078.544,20.544
362084.0,31,73,362104.544,20.544
362376.0,10,73,362396.544,20.544
362418.0,9,73,362438.544,20.544
362445.1103108873,46,68,362465.6543108873,20.544
362518.0,28,72,362538.544,20.544
362549.0239421055,7,71,362569.56794210547,20.544
362614.0,26,73,362634.544,20.544
362656.6876325855,25,73,362677.2316325855,20.544
362685.0,11,73,362705.544,20.544
362815.0,35,73,362835.544,20.544
362868.0,40,73,362888.544,20.544
362915.0668343093,37,71,362935.6108343093,20.544
362949.0,27,73,362969.544,20.544
363062.0,43,73,363082.544,20.544
363138.0,38,73,363158.544,20.544
363239.0,6,73,363259.544,20.544
363340.0,3,73,363360.544,20.544
363369.0,42,72,363389.544,20.544
363404.9740341012,19,71,363425.5180341012,20.544
363563.0,36,73,363583.544,20.544
363597.0,13,73,363617.544,20.544
363660.0,23,73,363680.544,20.544
363782.0,15,73,363802.544,20.544
363886.0,30,73,363906.544,20.544
364048.0,0,73,364068.544,20.544
364238.0,21,73,364258.544,20.544
364304.0,16,73,364324.544,20.544
364331.4477178354,33,73,364351.9917178354,20.544
364519.0,47,73,364539.544,20.544
364647.0,4,73,364667.544,20.544
364809.0,8,73,364829.544,20.544
364839.0,44,73,364859.544,20.544
364881.0,29,73,364901.544,20.544
365224.0,39,74,365244.544,20.544
365270.0,1,74,365290.544,20.544
365356.0,48,74,365376.544,20.544
365438.0,24,74,365458.544,20.544
365541.0,32,74,365561.544,20.544
365596.0,22,74,365616.544,20.544
365635.0,45,68,365655.544,20.544
365681.0,12,74,365701.544,20.544
365711.16703805234,34,67,365731.71103805234,20.544
365890.0,41,74,365910.544,20.544
366086.0,5,74,366106.544,20.544
366118.0,14,74,366138.544,20.544
366189.0,18,74,366209.544,20.544
366393.0,2,74,366413.544,20.544
366439.0,49,74,366459.544,20.544
366614.0,17,74,366634.544,20.544
367058.0,20,74,367078.544,20.544
367084.0,31,74,367104.544,20.544
367376.0,10,74,367396.544,20.544
367418.0,9,74,367438.544,20.544
367474.46897271747,46,69,367495.01297271746,20.544
367518.0,28,73,367538.544,20.544
367573.1596799834,7,72,367593.7036799834,20.544
367614.0,26,74,367634.544,20.544
367654.5620183188,25,74,367675.1060183188,20.544
367685.0,11,74,367705.544,20.544
367815.0,35,74,367835.544,20.544
367868.0,40,74,367888.544,20.544
367912.79322859534,37,72,367933.33722859534,20.544
367949.0,27,74,367969.544,20.544
368062.0,43,74,368082.544,20.544
368138.0,38,74,368158.544,20.544
368239.0,6,74,368259.544,20.544
368340.0,3,74,368360.544,20.544
368368.7283666654,19,72,368389.2723666654,20.544
368406.7845043068,42,73,368427.3285043068,20.544
368563.0,36,74,368583.544,20.544
368597.0,13,74,368617.544,20.544
368660.0,23,74,368680.544,20.544
368782.0,15,74,368802.544,20.544
368886.0,30,74,368906.544,20.544
369048.0,0,74,369068.544,20.544
369238.0,21,74,369258.544,20.544
369304.0,16,74,369324.544,20.544
369338.37547859206,33,74,369358.91947859206,20.544
369519.0,47,74,369539.544,20.544
369647.0,4,74,369667.544,20.544
369809.0,8,74,369829.544,20.544
369839.0,44,74,369859.544,20.544
369881.0,29,74,369901.544,20.544
370224.0,39,75,370244.544,20.544
370270.0,1,75,370290.544,20.544
370356.0,48,75,370376.544,20.544
370438.0,24,75,370458.544,20.544
370541.0,32,75,370561.544,20.544
370596.0,22,75,370616.544,20.544
370633.44496423024,34,68,370653.98896423023,20.544
370664.57774715876,45,69,370685.12174715876,20.544
370696.16170608456,12,75,370716.70570608455,20.544
370890.0,41,75,370910.544,20.544
371086.0,5,75,371106.544,20.544
371118.0,14,75,371138.544,20.544
371189.0,18,75,371209.544,20.544
371393.0,2,75,371413.544,20.544
371439.0,49,75,371459.544,20.544
371614.0,17,75,371634.544,20.544
372058.0,20,75,372078.544,20.544
372084.0,31,75,372104.544,20.544
372376.0,10,75,372396.544,20.544
372417.28670882195,46,70,372437.83070882194,20.544
372452.44099565636,9,75,372472.98499565636,20.544
372518.0,28,74,372538.544,20.544
372550.94956782286,7,73,372571.49356782285,20.544
372614.0,26,75,372634.544,20.544
372670.01756298286,25,75,372690.56156298285,20.544
372778.9542357473,11,75,372799.4982357473,20.544
372815.0,35,75,372835.544,20.544
372868.0,40,75,372888.544,20.544
372898.5389534641,37,73,372919.0829534641,20.544
372949.0,27,75,372969.544,20.544
373062.0,43,75,373082.544,20.544
373138.0,38,75,373158.544,20.544
373239.0,6,75,373259.544,20.544
373340.0,3,75,373360.544,20.544
373369.0,42,74,373389.544,20.544
373431.22871398926,19,73,373451.77271398925,20.544
373563.0,36,75,373583.544,20.544
373597.0,13,75,373617.544,20.544
373660.0,23,75,373680.544,20.544
373782.0,15,75,373802.544,20.544
373886.0,30,75,373906.544,20.544
374048.0,0,75,374068.544,20.544
374238.0,21,75,374258.544,20.544
374304.0,16,75,374324.544,20.544
374336.915296086,33,75,374357.459296086,20.544
374519.0,47,75,374539.544,20.544
374647.0,4,75,374667.544,20.544
374809.0,8,75,374829.544,20.544
374839.0,44,75,374859.544,20.544
374881.0,29,75,374901.544,20.544
375224.0,39,76,375244.544,20.544
375270.0,1,76,375290.544,20.544
375356.0,48,76,375376.544,20.544
375438.0,24,76,375458.544,20.544
375541.0,32,76,375561.544,20.544
375596.0,22,76,375616.544,20.544
375631.5411209356,34,69,375652.0851209356,20.544
375680.12366433645,45,70,375700.66766433645,20.544
375725.8272741148,12,76,375746.3712741148,20.544
375890.0,41,76,375910.544,20.544
376086.0,5,76,376106.544,20.544
376118.0,14,76,376138.544,20.544
376189.0,18,76,376209.544,20.544
376393.0,2,76,376413.544,20.544
376439.0,49,76,376459.544,20.544
376614.0,17,76,376634.544,20.544
377058.0,20,76,377078.544,20.544
377084.0,31,76,377104.544,20.544
377376.0,10,76,377396.544,20.544
377418.0,9,76,377438.544,20.544
377447.069026705,46,71,377467.613026705,20.544
377518.0,28,75,377538.544,20.544
377567.56339268375,7,74,377588.10739268374,20.544
377614.0,26,76,377634.544,20.544
377643.281647395,25,76,377663.825647395,20.544
377685.0,11,76,377705.544,20.544
377815.0,35,76,377835.544,20.544
377868.0,40,76,377888.544,20.544
377949.0,27,76,377969.544,20.544
377991.16177539685,37,74,378011.70577539684,20.544
378062.0,43,76,378082.544,20.544
378138.0,38,76,378158.544,20.544
378239.0,6,76,378259.544,20.544
378340.0,3,76,378360.544,20.544
378369.0,42,75,378389.544,20.544
378415.4916534248,19,74,378436.0356534248,20.544
378563.0,36,76,378583.544,20.544
378597.0,13,76,378617.544,20.544
378660.0,23,76,378680.544,20.544
378782.0,15,76,378802.544,20.544
378886.0,30,76,378906.544,20.544
379048.0,0,76,379068.544,20.544
379238.0,21,76,379258.544,20.544
379304.0,16,76,379324.544,20.544
379337.09335467836,33,76,379357.63735467836,20.544
379519.0,47,76,379539.544,20.544
379647.0,4,76,379667.544,20.544
379809.0,8,76,379829.544,20.544
379839.0,44,76,379859.544,20.544
379881.0,29,76,379901.544,20.544
380224.0,39,77,380244.544,20.544
380270.0,1,77,380290.544,20.544
380356.0,48,77,380376.544,20.544
380438.0,24,77,380458.544,20.544
380541.0,32,77,380561.544,20.544
380596.0,22,77,380616.544,20.544
380625.9233553767,34,70,380646.4673553767,20.544
380658.824642239,45,71,380679.368642239,20.544
380703.62848752155,12,77,380724.17248752154,20.544
380890.0,41,77,380910.544,20.544
381086.0,5,77,381106.544,20.544
381118.0,14,77,381138.544,20.544
381189.0,18,77,381209.544,20.544
381393.0,2,77,381413.544,20.544
381439.0,49,77,381459.544,20.544
381614.0,17,77,381634.544,20.544
382058.0,20,77,382078.544,20.544
382084.0,31,77,382104.544,20.544
382376.0,10,77,382396.544,20.544
382413.8292644563,46,72,382434.3732644563,20.544
382484.09478812944,9,77,382504.63878812944,20.544
382518.0,28,76,382538.544,20.544
382550.827798193,7,75,382571.37179819297,20.544
382614.0,26,77,382634.544,20.544
382652.168438192,25,77,382672.712438192,20.544
382685.0,11,77,382705.544,20.544
382815.0,35,77,382835.544,20.544
382868.0,40,77,382888.544,20.544
382895.3489410377,37,75,382915.8929410377,20.544
382949.0,27,77,382969.544,20.544
383062.0,43,77,383082.544,20.544
383138.0,38,77,383158.544,20.544
383239.0,6,77,383259.544,20.544
383340.0,3,77,383360.544,20.544
383369.0,42,76,383389.544,20.544
383408.3882109708,19,75,383428.9322109708,20.544
383563.0,36,77,383583.544,20.544
383597.0,13,77,383617.544,20.544
383660.0,23,77,383680.544,20.544
383782.0,15,77,383802.544,20.544
383886.0,30,77,383906.544,20.544
384048.0,0,77,384068.544,20.544
384238.0,21,77,384258.544,20.544
384304.0,16,77,384324.544,20.544
384336.4447956009,33,77,384356.9887956009,20.544
384519.0,47,77,384539.544,20.544
384647.0,4,77,384667.544,20.544
384809.0,8,77,384829.544,20.544
384839.0,44,77,384859.544,20.544
384881.0,29,77,384901.544,20.544
385224.0,39,78,385244.544,20.544
385270.0,1,78,385290.544,20.544
385356.0,48,78,385376.544,20.544
385438.0,24,78,385458.544,20.544
385541.0,32,78,385561.544,20.544
385596.0,22,78,385616.544,20.544
385631.80364444834,34,71,385652.34764444834,20.544
385658.2114737898,45,72,385678.7554737898,20.544
385704.07917131804,12,78,385724.62317131803,20.544
385890.0,41,78,385910.544,20.544
386086.0,5,78,386106.544,20.544
386118.0,14,78,386138.544,20.544
386189.0,18,78,386209.544,20.544
386393.0,2,78,386413.544,20.544
386439.0,49,78,386459.544,20.544
386614.0,17,78,386634.544,20.544
387058.0,20,78,387078.544,20.544
387084.0,31,78,387104.544,20.544
387376.0,10,78,387396.544,20.544
387401.5487193698,46,73,387422.0927193698,20.544
387450.7225574884,9,78,387471.2665574884,20.544
387518.0,28,77,387538.544,20.544
387550.762691531,7,76,387571.306691531,20.544
387614.0,26,78,387634.544,20.544
387639.7124706526,25,78,387660.2564706526,20.544
387685.0,11,78,387705.544,20.544
387815.0,35,78,387835.544,20.544
387868.0,40,78,387888.544,20.544
387907.59865680913,37,76,387928.1426568091,20.544
387949.0,27,78,387969.544,20.544
388062.0,43,78,388082.544,20.544
388138.0,38,78,388158.544,20.544
388239.0,6,78,388259.544,20.544
388340.0,3,78,388360.544,20.544
388368.2623624274,19,76,388388.8063624274,20.544
388402.9117813987,42,77,388423.4557813987,20.544
388563.0,36,78,388583.544,20.544
388597.0,13,78,388617.544,20.544
388660.0,23,78,388680.544,20.544
388782.0,15,78,388802.544,20.544
388886.0,30,78,388906.544,20.544
389048.0,0,78,389068.544,20.544
389238.0,21,78,389258.544,20.544
389304.0,16,78,389324.544,20.544
389333.8403045758,33,78,389354.3843045758,20.544
389519.0,47,78,389539.544,20.544
389647.0,4,78,389667.544,20.544
389809.0,8,78,389829.544,20.544
389839.0,44,78,389859.544,20.544
389881.0,29,78,389901.544,20.544
390224.0,39,79,390244.544,20.544
390270.0,1,79,390290.544,20.544
390356.0,48,79,390376.544,20.544
390438.0,24,79,390458.544,20.544
390541.0,32,79,390561.544,20.544
390596.0,22,79,390616.544,20.544
390631.97903304186,34,72,390652.52303304186,20.544
390673.56685832026,45,73,390694.11085832026,20.544
390700.31097354874,12,79,390720.85497354873,20.544
390890.0,41,79,390910.544,20.544
391086.0,5,79,391106.544,20.544
391118.0,14,79,391138.544,20.544
391189.0,18,79,391209.544,20.544
391393.0,2,79,391413.544,20.544
391439.0,49,79,391459.544,20.544
391614.0,17,79,391634.544,20.544
392058.0,20,79,392078.544,20.544
392084.0,31,79,392104.544,20.544
392376.0,10,79,392396.544,20.544
392418.0,9,79,392438.544,20.544
392518.0,28,78,392538.544,20.544
392546.2229944928,7,77,392566.7669944928,20.544
392614.0,26,79,392634.544,20.544
392643.7863940404,25,79,392664.3303940404,20.544
392685.0,11,79,392705.544,20.544
392815.0,35,79,392835.544,20.544
392868.0,40,79,392888.544,20.544
392914.7713577997,37,77,392935.3153577997,20.544
392949.0,27,79,392969.544,20.544
393062.0,43,79,393082.544,20.544
393138.0,38,79,393158.544,20.544
393239.0,6,79,393259.544,20.544
393340.0,3,79,393360.544,20.544
393369.0,42,78,393389.544,20.544
393404.2964488814,19,77,393424.8404488814,20.544
393563.0,36,79,393583.544,20.544
393597.0,13,79,393617.544,20.544
393660.0,23,79,393680.544,20.544
393782.0,15,79,393802.544,20.544
393886.0,30,79,393906.544,20.544
394048.0,0,79,394068.544,20.544
394238.0,21,79,394258.544,20.544
394304.0,16,79,394324.544,20.544
394358.87756738777,33,79,394379.42156738776,20.544
394519.0,47,79,394539.544,20.544
394647.0,4,79,394667.544,20.544
394809.0,8,79,394829.544,20.544
394839.0,44,79,394859.544,20.544
394881.0,29,79,394901.544,20.544
395224.0,39,80,395244.544,20.544
395270.0,1,80,395290.544,20.544
395356.0,48,80,395376.544,20.544
395438.0,24,80,395458.544,20.544
395541.0,32,80,395561.544,20.544
395596.0,22,80,395616.544,20.544
395626.87764723157,34,73,395647.42164723156,20.544
395663.6481509746,45,74,395684.1921509746,20.544
395691.69815478,12,80,395712.24215478,20.544
395890.0,41,80,395910.544,20.544
396086.0,5,80,396106.544,20.544
396118.0,14,80,396138.544,20.544
396189.0,18,80,396209.544,20.544
396393.0,2,80,396413.544,20.544
396439.0,49,80,396459.544,20.544
396614.0,17,80,396634.544,20.544
397058.0,20,80,397078.544,20.544
397084.0,31,80,397104.544,20.544
397376.0,10,80,397396.544,20.544
397403.0690215465,46,74,397423.6130215465,20.544
397476.5155891263,9,80,397497.0595891263,20.544
397518.0,28,79,397538.544,20.544
397547.6031875804,7,78,397568.1471875804,20.544
397614.0,26,80,397634.544,20.544
397643.4568971839,25,80,397664.0008971839,20.544
397685.0,11,80,397705.544,20.544
397815.0,35,80,397835.544,20.544
397868.0,40,80,397888.544,20.544
397919.81312901364,37,78,397940.35712901363,20.544
397949.0,27,80,397969.544,20.544
398062.0,43,80,398082.544,20.544
398138.0,38,80,398158.544,20.544
398239.0,6,80,398259.544,20.544
398340.0,3,80,398360.544,20.544
398369.0,42,79,398389.544,20.544
398563.0,36,80,398583.544,20.544
398597.0,13,80,398617.544,20.544
398660.0,23,80,398680.544,20.544
398782.0,15,80,398802.544,20.544
398886.0,30,80,398906.544,20.544
399048.0,0,80,399068.544,20.544
399238.0,21,80,399258.544,20.544
399304.0,16,80,399324.544,20.544
399342.6422596611,33,80,399363.1862596611,20.544
399519.0,47,80,399539.544,20.544
399647.0,4,80,399667.544,20.544
399809.0,8,80,399829.544,20.544
399839.0,44,80,399859.544,20.544
399881.0,29,80,399901.544,20.544
400224.0,39,81,400244.544,20.544
400270.0,1,81,400290.544,20.544
400356.0,48,81,400376.544,20.544
400438.0,24,81,400458.544,20.544
400541.0,32,81,400561.544,20.544
400596.0,22,81,400616.544,20.544
400632.14393657364,34,74,400652.68793657364,20.544
400663.8796944445,45,75,400684.4236944445,20.544
400698.1445667697,12,81,400718.6885667697,20.544
400890.0,41,81,400910.544,20.544
401086.0,5,81,401106.544,20.544
401118.0,14,81,401138.544,20.544
401189.0,18,81,401209.544,20.544
401393.0,2,81,401413.544,20.544
401439.0,49,81,401459.544,20.544
401614.0,17,81,401634.544,20.544
402058.0,20,81,402078.544,20.544
402084.0,31,81,402104.544,20.544
402376.0,10,81,402396.544,20.544
402413.9406918346,46,75,402434.4846918346,20.544
402474.30840855365,9,81,402494.85240855365,20.544
402518.0,28,80,402538.544,20.544
402614.0,26,81,402634.544,20.544
402642.3534611921,25,81,402662.8974611921,20.544
402685.0,11,81,402705.544,20.544
402815.0,35,81,402835.544,20.544
402868.0,40,81,402888.544,20.544
402920.9532475497,37,79,402941.4972475497,20.544
402949.0,27,81,402969.544,20.544
403062.0,43,81,403082.544,20.544
403138.0,38,81,403158.544,20.544
403239.0,6,81,403259.544,20.544
403340.0,3,81,403360.544,20.544
403369.0,42,80,403389.544,20.544
403414.1149911288,19,78,403434.6589911288,20.544
403563.0,36,81,403583.544,20.544
403597.0,13,81,403617.544,20.544
403660.0,23,81,403680.544,20.544
403782.0,15,81,403802.544,20.544
403886.0,30,81,403906.544,20.544
404048.0,0,81,404068.544,20.544
404238.0,21,81,404258.544,20.544
404304.0,16,81,404324.544,20.544
404338.57530634175,33,81,404359.11930634174,20.544
404519.0,47,81,404539.544,20.544
404647.0,4,81,404667.544,20.544
404809.0,8,81,404829.544,20.544
404839.0,44,81,404859.544,20.544
404881.0,29,81,404901.544,20.544
405224.0,39,82,405244.544,20.544
405270.0,1,82,405290.544,20.544
405356.0,48,82,405376.544,20.544
405438.0,24,82,405458.544,20.544
405541.0,32,82,405561.544,20.544
405596.0,22,82,405616.544,20.544
405625.1280734237,34,75,405645.6720734237,20.544
405651.82298934227,45,76,405672.36698934226,20.544
405681.0,12,82,405701.544,20.544
405890.0,41,82,405910.544,20.544
406086.0,5,82,406106.544,20.544
406118.0,14,82,406138.544,20.544
406189.0,18,82,406209.544,20.544
406393.0,2,82,406413.544,20.544
406439.0,49,82,406459.544,20.544
406614.0,17,82,406634.544,20.544
407058.0,20,82,407078.544,20.544
407084.0,31,82,407104.544,20.544
407376.0,10,82,407396.544,20.544
407418.0,9,82,407438.544,20.544
407478.85061202245,46,76,407499.39461202244,20.544
407518.0,28,81,407538.544,20.544
407544.7146661028,7,79,407565.2586661028,20.544
407614.0,26,82,407634.544,20.544
407684.7423778564,25,82,407705.2863778564,20.544
407714.8796750571,11,82,407735.42367505707,20.544
407815.0,35,82,407835.544,20.544
407868.0,40,82,407888.544,20.544
407913.90742792725,37,80,407934.45142792724,20.544
407949.0,27,82,407969.544,20.544
408062.0,43,82,408082.544,20.544
408138.0,38,82,408158.544,20.544
408239.0,6,82,408259.544,20.544
408340.0,3,82,408360.544,20.544
408369.0,42,81,408389.544,20.544
408474.48777807475,19,79,408495.03177807474,20.544
408563.0,36,82,408583.544,20.544
408597.0,13,82,408617.544,20.544
408660.0,23,82,408680.544,20.544
408782.0,15,82,408802.544,20.544
408886.0,30,82,408906.544,20.544
409048.0,0,82,409068.544,20.544
409238.0,21,82,409258.544,20.544
409304.0,16,82,409324.544,20.544
409346.6434168949,33,82,409367.1874168949,20.544
409519.0,47,82,409539.544,20.544
409647.0,4,82,409667.544,20.544
409809.0,8,82,409829.544,20.544
409839.0,44,82,409859.544,20.544
409881.0,29,82,409901.544,20.544
410224.0,39,83,410244.544,20.544
410270.0,1,83,410290.544,20.544
410356.0,48,83,410376.544,20.544
410438.0,24,83,410458.544,20.544
410541.0,32,83,410561.544,20.544
410596.0,22,83,410616.544,20.544
410623.01742113306,34,76,410643.56142113305,20.544
410676.63789775036,45,77,410697.18189775036,20.544
410745.40370298637,12,83,410765.94770298636,20.544
410890.0,41,83,410910.544,20.544
411086.0,5,83,411106.544,20.544
411118.0,14,83,411138.544,20.544
411189.0,18,83,411209.544,20.544
411393.0,2,83,411413.544,20.544
411439.0,49,83,411459.544,20.544
411614.0,17,83,411634.544,20.544
412058.0,20,83,412078.544,20.544
412084.0,31,83,412104.544,20.544
412376.0,10,83,412396.544,20.544
412418.0,9,83,412438.544,20.544
412508.4362399006,46,77,412528.9802399006,20.544
412541.58658226195,7,80,412562.13058226195,20.544
412585.25414117257,28,82,412605.79814117256,20.544
412614.0,26,83,412634.544,20.544
412641.32423599495,25,83,412661.86823599495,20.544
412685.0,11,83,412705.544,20.544
412815.0,35,83,412835.544,20.544
412868.0,40,83,412888.544,20.544
412938.78657787497,37,81,412959.33057787496,20.544
412988.9670180582,27,83,413009.51101805817,20.544
413062.0,43,83,413082.544,20.544
413138.0,38,83,413158.544,20.544
413239.0,6,83,413259.544,20.544
413340.0,3,83,413360.544,20.544
413369.0,42,82,413389.544,20.544
413402.1368753107,19,80,413422.6808753107,20.544
413563.0,36,83,413583.544,20.544
413597.0,13,83,413617.544,20.544
413660.0,23,83,413680.544,20.544
413782.0,15,83,413802.544,20.544
413886.0,30,83,413906.544,20.544
414048.0,0,83,414068.544,20.544
414238.0,21,83,414258.544,20.544
414304.0,16,83,414324.544,20.544
414336.9901044725,33,83,414357.5341044725,20.544
414519.0,47,83,414539.544,20.544
414647.0,4,83,414667.544,20.544
414809.0,8,83,414829.544,20.544
414839.0,44,83,414859.544,20.544
414881.0,29,83,414901.544,20.544
415224.0,39,84,415244.544,20.544
415270.0,1,84,415290.544,20.544
415356.0,48,84,415376.544,20.544
415438.0,24,84,415458.544,20.544
415541.0,32,84,415561.544,20.544
415596.0,22,84,415616.544,20.544
415635.0,45,78,415655.544,20.544
415681.0,12,84,415701.544,20.544
415728.2168395313,34,77,415748.7608395313,20.544
415890.0,41,84,415910.544,20.544
416086.0,5,84,416106.544,20.544
416118.0,14,84,416138.544,20.544
416189.0,18,84,416209.544,20.544
416393.0,2,84,416413.544,20.544
416439.0,49,84,416459.544,20.544
416614.0,17,84,416634.544,20.544
417058.0,20,84,417078.544,20.544
417084.0,31,84,417104.544,20.544
417376.0,10,84,417396.544,20.544
417404.6009356152,46,78,417425.1449356152,20.544
417446.01057155867,9,84,417466.55457155866,20.544
417518.0,28,83,417538.544,20.544
417546.8566368081,7,81,417567.4006368081,20.544
417614.0,26,84,417634.544,20.544
417643.2117033482,25,84,417663.7557033482,20.544
417685.0,11,84,417705.544,20.544
417815.0,35,84,417835.544,20.544
417868.0,40,84,417888.544,20.544
417898.24487620784,37,82,417918.78887620784,20.544
417949.0,27,84,417969.544,20.544
418062.0,43,84,418082.544,20.544
418138.0,38,84,418158.544,20.544
418239.0,6,84,418259.544,20.544
418340.0,3,84,418360.544,20.544
418369.0,42,83,418389.544,20.544
418421.69648566423,19,81,418442.2404856642,20.544
418563.0,36,84,418583.544,20.544
418597.0,13,84,418617.544,20.544
418660.0,23,84,418680.544,20.544
418782.0,15,84,418802.544,20.544
418886.0,30,84,418906.544,20.544
419048.0,0,84,419068.544,20.544
419238.0,21,84,419258.544,20.544
419304.0,16,84,419324.544,20.544
419330.3896554237,33,84,419350.9336554237,20.544
419519.0,47,84,419539.544,20.544
419647.0,4,84,419667.544,20.544
419809.0,8,84,419829.544,20.544
419839.0,44,84,419859.544,20.544
419881.0,29,84,419901.544,20.544
420224.0,39,85,420244.544,20.544
420270.0,1,85,420290.544,20.544
420356.0,48,85,420376.544,20.544
420438.0,24,85,420458.544,20.544
420541.0,32,85,420561.544,20.544
420596.0,22,85,420616.544,20.544
420635.0,45,79,420655.544,20.544
420663.14783957944,34,78,420683.69183957943,20.544
420701.85294207965,12,85,420722.39694207965,20.544
420890.0,41,85,420910.544,20.544
421086.0,5,85,421106.544,20.544
421118.0,14,85,421138.544,20.544
421189.0,18,85,421209.544,20.544
421393.0,2,85,421413.544,20.544
421439.0,49,85,421459.544,20.544
421614.0,17,85,421634.544,20.544
422058.0,20,85,422078.544,20.544
422084.0,31,85,422104.544,20.544
422376.0,10,85,422396.544,20.544
422402.4299605641,46,79,422422.9739605641,20.544
422456.48031185265,9,85,422477.02431185264,20.544
422518.0,28,84,422538.544,20.544
422564.83001089585,7,82,422585.37401089584,20.544
422614.0,26,85,422634.544,20.544
422654.6920574417,25,85,422675.2360574417,20.544
422685.0,11,85,422705.544,20.544
422815.0,35,85,422835.544,20.544
422868.0,40,85,422888.544,20.544
422911.35769507114,37,83,422931.90169507114,20.544
422949.0,27,85,422969.544,20.544
423062.0,43,85,423082.544,20.544
423138.0,38,85,423158.544,20.544
423239.0,6,85,423259.544,20.544
423340.0,3,85,423360.544,20.544
423369.0,42,84,423389.544,20.544
423396.8838511381,19,82,423417.4278511381,20.544
423563.0,36,85,423583.544,20.544
423597.0,13,85,423617.544,20.544
423660.0,23,85,423680.544,20.544
423782.0,15,85,423802.544,20.544
423886.0,30,85,423906.544,20.544
424048.0,0,85,424068.544,20.544
424238.0,21,85,424258.544,20.544
424304.0,16,85,424324.544,20.544
424340.8415877272,33,85,424361.3855877272,20.544
424519.0,47,85,424539.544,20.544
424647.0,4,85,424667.544,20.544
424809.0,8,85,424829.544,20.544
424839.0,44,85,424859.544,20.544
424881.0,29,85,424901.544,20.544
425224.0,39,86,425244.544,20.544
425270.0,1,86,425290.544,20.544
425356.0,48,86,425376.544,20.544
425438.0,24,86,425458.544,20.544
425541.0,32,86,425561.544,20.544
425596.0,22,86,425616.544,20.544
425635.0,45,80,425655.544,20.544
425679.8539607315,34,79,425700.39796073147,20.544
425792.4311772209,12,86,425812.9751772209,20.544
425890.0,41,86,425910.544,20.544
426086.0,5,86,426106.544,20.544
426118.0,14,86,426138.544,20.544
426189.0,18,86,426209.544,20.544
426393.0,2,86,426413.544,20.544
426439.0,49,86,426459.544,20.544
426614.0,17,86,426634.544,20.544
427058.0,20,86,427078.544,20.544
427084.0,31,86,427104.544,20.544
427376.0,10,86,427396.544,20.544
427406.78026747465,46,80,427427.32426747464,20.544
427438.3331998852,9,86,427458.8771998852,20.544
427518.0,28,85,427538.544,20.544
427571.3188741259,7,83,427591.8628741259,20.544
427614.0,26,86,427634.544,20.544
427647.7882680768,25,86,427668.3322680768,20.544
427685.0,11,86,427705.544,20.544
427815.0,35,86,427835.544,20.544
427868.0,40,86,427888.544,20.544
427894.7077384853,37,84,427915.2517384853,20.544
427949.0,27,86,427969.544,20.544
428062.0,43,86,428082.544,20.544
428138.0,38,86,428158.544,20.544
428239.0,6,86,428259.544,20.544
428340.0,3,86,428360.544,20.544
428369.0,42,85,428389.544,20.544
428415.0073015361,19,83,428435.5513015361,20.544
428563.0,36,86,428583.544,20.544
428597.0,13,86,428617.544,20.544
428660.0,23,86,428680.544,20.544
428782.0,15,86,428802.544,20.544
428886.0,30,86,428906.544,20.544
429048.0,0,86,429068.544,20.544
429238.0,21,86,429258.544,20.544
429304.0,16,86,429324.544,20.544
429341.6518139786,33,86,429362.1958139786,20.544
429519.0,47,86,429539.544,20.544
429647.0,4,86,429667.544,20.544
429809.0,8,86,429829.544,20.544
429839.0,44,86,429859.544,20.544
429881.0,29,86,429901.544,20.544
430224.0,39,87,430244.544,20.544
430270.0,1,87,430290.544,20.544
430356.0,48,87,430376.544,20.544
430438.0,24,87,430458.544,20.544
430541.0,32,87,430561.544,20.544
430596.0,22,87,430616.544,20.544
430630.53166294855,34,80,430651.07566294854,20.544
430681.0,12,87,430701.544,20.544
430720.49769503967,45,81,430741.04169503966,20.544
430890.0,41,87,430910.544,20.544
431086.0,5,87,431106.544,20.544
431118.0,14,87,431138.544,20.544
431189.0,18,87,431209.544,20.544
431393.0,2,87,431413.544,20.544
431439.0,49,87,431459.544,20.544
431614.0,17,87,431634.544,20.544
432058.0,20,87,432078.544,20.544
432084.0,31,87,432104.544,20.544
432376.0,10,87,432396.544,20.544
432418.0,9,87,432438.544,20.544
432456.7405920469,46,81,432477.28459204687,20.544
432518.0,28,86,432538.544,20.544
432568.7069389859,7,84,432589.2509389859,20.544
432614.0,26,87,432634.544,20.544
432641.38494961994,25,87,432661.92894961993,20.544
432685.0,11,87,432705.544,20.544
432815.0,35,87,432835.544,20.544
432868.0,40,87,432888.544,20.544
432906.5706242666,37,85,432927.1146242666,20.544
432949.0,27,87,432969.544,20.544
433062.0,43,87,433082.544,20.544
433138.0,38,87,433158.544,20.544
433239.0,6,87,433259.544,20.544
433340.0,3,87,433360.544,20.544
433369.0,42,86,433389.544,20.544
433471.51412517775,19,84,433492.05812517775,20.544
433563.0,36,87,433583.544,20.544
433597.0,13,87,433617.544,20.544
433660.0,23,87,433680.544,20.544
433782.0,15,87,433802.544,20.544
433886.0,30,87,433906.544,20.544
434048.0,0,87,434068.544,20.544
434238.0,21,87,434258.544,20.544
434304.0,16,87,434324.544,20.544
434400.1397033879,33,87,434420.6837033879,20.544
434519.0,47,87,434539.544,20.544
434647.0,4,87,434667.544,20.544
434809.0,8,87,434829.544,20.544
434839.0,44,87,434859.544,20.544
434881.0,29,87,434901.544,20.544
435224.0,39,88,435244.544,20.544
435270.0,1,88,435290.544,20.544
435356.0,48,88,435376.544,20.544
435438.0,24,88,435458.544,20.544
435541.0,32,88,435561.544,20.544
435596.0,22,88,435616.544,20.544
435635.0,45,82,435655.544,20.544
435681.0,12,88,435701.544,20.544
435727.9098044678,34,81,435748.4538044678,20.544
435890.0,41,88,435910.544,20.544
436086.0,5,88,436106.544,20.544
436118.0,14,88,436138.544,20.544
436189.0,18,88,436209.544,20.544
436393.0,2,88,436413.544,20.544
436439.0,49,88,436459.544,20.544
436614.0,17,88,436634.544,20.544
437058.0,20,88,437078.544,20.544
437084.0,31,88,437104.544,20.544
437376.0,10,88,437396.544,20.544
437418.0,9,88,437438.544,20.544
437502.5098331269,46,82,437523.0538331269,20.544
437529.0,7,85,437549.544,20.544
437614.0,26,88,437634.544,20.544
437646.87627567165,25,88,437667.42027567164,20.544
437685.0,11,88,437705.544,20.544
437815.0,35,88,437835.544,20.544
437868.0,40,88,437888.544,20.544
437920.6230484665,37,86,437941.1670484665,20.544
437949.0,27,88,437969.544,20.544
438062.0,43,88,438082.544,20.544
438138.0,38,88,438158.544,20.544
438239.0,6,88,438259.544,20.544
438340.0,3,88,438360.544,20.544
438369.0,42,87,438389.544,20.544
438412.02447905904,19,85,438432.56847905903,20.544
438563.0,36,88,438583.544,20.544
438597.0,13,88,438617.544,20.544
438660.0,23,88,438680.544,20.544
438782.0,15,88,438802.544,20.544
438886.0,30,88,438906.544,20.544
439048.0,0,88,439068.544,20.544
439238.0,21,88,439258.544,20.544
439304.0,16,88,439324.544,20.544
439347.9826780578,33,88,439368.5266780578,20.544
439519.0,47,88,439539.544,20.544
439647.0,4,88,439667.544,20.544
439809.0,8,88,439829.544,20.544
439839.0,44,88,439859.544,20.544
439881.0,29,88,439901.544,20.544
440224.0,39,89,440244.544,20.544
440270.0,1,89,440290.544,20.544
440356.0,48,89,440376.544,20.544
440438.0,24,89,440458.544,20.544
440541.0,32,89,440561.544,20.544
440596.0,22,89,440616.544,20.544
440622.9256979938,34,82,440643.4696979938,20.544
440649.3987483571,45,83,440669.9427483571,20.544
440681.0,12,89,440701.544,20.544
440890.0,41,89,440910.544,20.544
441086.0,5,89,441106.544,20.544
441118.0,14,89,441138.544,20.544
441189.0,18,89,441209.544,20.544
441393.0,2,89,441413.544,20.544
441439.0,49,89,441459.544,20.544
441614.0,17,89,441634.544,20.544
442058.0,20,89,442078.544,20.544
442084.0,31,89,442104.544,20.544
442376.0,10,89,442396.544,20.544
442418.0,9,89,442438.544,20.544
442463.76214433333,46,83,442484.3061443333,20.544
442518.0,28,87,442538.544,20.544
442552.05399549555,7,86,442572.59799549554,20.544
442614.0,26,89,442634.544,20.544
442644.3714686106,25,89,442664.9154686106,20.544
442685.0,11,89,442705.544,20.544
442815.0,35,89,442835.544,20.544
442868.0,40,89,442888.544,20.544
442895.9089817934,37,87,442916.4529817934,20.544
442949.0,27,89,442969.544,20.544
443062.0,43,89,443082.544,20.544
443138.0,38,89,443158.544,20.544
443239.0,6,89,443259.544,20.544
443340.0,3,89,443360.544,20.544
443369.0,42,88,443389.544,20.544
443418.4835654236,19,86,443439.0275654236,20.544
443563.0,36,89,443583.544,20.544
443597.0,13,89,443617.544,20.544
443660.0,23,89,443680.544,20.544
443782.0,15,89,443802.544,20.544
443886.0,30,89,443906.544,20.544
444048.0,0,89,444068.544,20.544
444238.0,21,89,444258.544,20.544
444304.0,16,89,444324.544,20.544
444339.4220520961,33,89,444359.9660520961,20.544
444519.0,47,89,444539.544,20.544
444647.0,4,89,444667.544,20.544
444809.0,8,89,444829.544,20.544
444839.0,44,89,444859.544,20.544
444881.0,29,89,444901.544,20.544
445224.0,39,90,445244.544,20.544
445270.0,1,90,445290.544,20.544
445356.0,48,90,445376.544,20.544
445438.0,24,90,445458.544,20.544
445541.0,32,90,445561.544,20.544
445596.0,22,90,445616.544,20.544
445625.62288993597,34,83,445646.16688993596,20.544
445681.0,12,90,445701.544,20.544
445719.8723671148,45,84,445740.4163671148,20.544
445890.0,41,90,445910.544,20.544
446086.0,5,90,446106.544,20.544
446118.0,14,90,446138.544,20.544
446189.0,18,90,446209.544,20.544
446393.0,2,90,446413.544,20.544
446439.0,49,90,446459.544,20.544
446614.0,17,90,446634.544,20.544
447058.0,20,90,447078.544,20.544
447084.0,31,90,447104.544,20.544
447376.0,10,90,447396.544,20.544
447418.0,9,90,447438.544,20.544
447455.31951687473,46,84,447475.8635168747,20.544
447518.0,28,88,447538.544,20.544
447547.2524159272,7,87,447567.7964159272,20.544
447614.0,26,90,447634.544,20.544
447649.2831941163,25,90,447669.8271941163,20.544
447685.0,11,90,447705.544,20.544
447815.0,35,90,447835.544,20.544
447868.0,40,90,447888.544,20.544
447900.93030752876,37,88,447921.47430752876,20.544
447949.0,27,90,447969.544,20.544
448062.0,43,90,448082.544,20.544
448138.0,38,90,448158.544,20.544
448239.0,6,90,448259.544,20.544
448340.0,3,90,448360.544,20.544
448366.34519520163,19,87,448386.8891952016,20.544
448419.4508943043,42,89,448439.9948943043,20.544
448563.0,36,90,448583.544,20.544
448597.0,13,90,448617.544,20.544
448660.0,23,90,448680.544,20.544
448782.0,15,90,448802.544,20.544
448886.0,30,90,448906.544,20.544
449048.0,0,90,449068.544,20.544
449238.0,21,90,449258.544,20.544
449304.0,16,90,449324.544,20.544
449329.82833783084,33,90,449350.37233783084,20.544
449519.0,47,90,449539.544,20.544
449647.0,4,90,449667.544,20.544
449809.0,8,90,449829.544,20.544
449839.0,44,90,449859.544,20.544
449881.0,29,90,449901.544,20.544
450224.0,39,91,450244.544,20.544
450270.0,1,91,450290.544,20.544
450356.0,48,91,450376.544,20.544
450438.0,24,91,450458.544,20.544
450541.0,32,91,450561.544,20.544
450596.0,22,91,450616.544,20.544
450635.0,45,85,450655.544,20.544
450681.0,12,91,450701.544,20.544
450890.0,41,91,450910.544,20.544
451086.0,5,91,451106.544,20.544
451118.0,14,91,451138.544,20.544
451189.0,18,91,451209.544,20.544
451393.0,2,91,451413.544,20.544
451439.0,49,91,451459.544,20.544
451614.0,17,91,451634.544,20.544
452058.0,20,91,452078.544,20.544
452084.0,31,91,452104.544,20.544
452376.0,10,91,452396.544,20.544
452418.0,9,91,452438.544,20.544
452513.0368825366,46,85,452533.5808825366,20.544
452548.5425229282,7,88,452569.0865229282,20.544
452574.9734859068,28,89,452595.5174859068,20.544
452614.0,26,91,452634.544,20.544
452665.6504333129,25,91,452686.1944333129,20.544
452693.4215283088,11,91,452713.9655283088,20.544
452815.0,35,91,452835.544,20.544
452868.0,40,91,452888.544,20.544
452899.14340377395,37,89,452919.68740377395,20.544
452949.0,27,91,452969.544,20.544
453062.0,43,91,453082.544,20.544
453138.0,38,91,453158.544,20.544
453239.0,6,91,453259.544,20.544
453340.0,3,91,453360.544,20.544
453369.0,42,90,453389.544,20.544
453416.714619605,19,88,453437.258619605,20.544
453563.0,36,91,453583.544,20.544
453597.0,13,91,453617.544,20.544
453660.0,23,91,453680.544,20.544
453782.0,15,91,453802.544,20.544
453886.0,30,91,453906.544,20.544
454048.0,0,91,454068.544,20.544
454238.0,21,91,454258.544,20.544
454304.0,16,91,454324.544,20.544
454340.5811490017,33,91,454361.1251490017,20.544
454519.0,47,91,454539.544,20.544
454647.0,4,91,454667.544,20.544
454809.0,8,91,454829.544,20.544
454839.0,44,91,454859.544,20.544
454881.0,29,91,454901.544,20.544
455224.0,39,92,455244.544,20.544
455270.0,1,92,455290.544,20.544
455356.0,48,92,455376.544,20.544
455438.0,24,92,455458.544,20.544
455541.0,32,92,455561.544,20.544
455596.0,22,92,455616.544,20.544
455635.0,45,86,455655.544,20.544
455681.0,12,92,455701.544,20.544
455742.7560698815,34,84,455763.3000698815,20.544
455890.0,41,92,455910.544,20.544
456086.0,5,92,456106.544,20.544
456118.0,14,92,456138.544,20.544
456189.0,18,92,456209.544,20.544
456393.0,2,92,456413.544,20.544
456439.0,49,92,456459.544,20.544
456614.0,17,92,456634.544,20.544
457058.0,20,92,457078.544,20.544
457084.0,31,92,457104.544,20.544
457376.0,10,92,457396.544,20.544
457412.90603381285,46,86,457433.45003381284,20.544
457474.76007981715,9,92,457495.30407981714,20.544
457518.0,28,90,457538.544,20.544
457544.24471968727,7,89,457564.78871968726,20.544
457614.0,26,92,457634.544,20.544
457674.9466791295,25,92,457695.4906791295,20.544
457706.57522356283,11,92,457727.1192235628,20.544
457815.0,35,92,457835.544,20.544
457868.0,40,92,457888.544,20.544
457898.3244732065,37,90,457918.8684732065,20.544
457949.0,27,92,457969.544,20.544
458062.0,43,92,458082.544,20.544
458138.0,38,92,458158.544,20.544
458239.0,6,92,458259.544,20.544
458340.0,3,92,458360.544,20.544
458369.0,42,91,458389.544,20.544
458399.5661967047,19,89,458420.1101967047,20.544
458563.0,36,92,458583.544,20.544
458597.0,13,92,458617.544,20.544
458660.0,23,92,458680.544,20.544
458782.0,15,92,458802.544,20.544
458886.0,30,92,458906.544,20.544
459048.0,0,92,459068.544,20.544
459238.0,21,92,459258.544,20.544
459304.0,16,92,459324.544,20.544
459348.19127662387,33,92,459368.73527662386,20.544
459519.0,47,92,459539.544,20.544
459647.0,4,92,459667.544,20.544
459809.0,8,92,459829.544,20.544
459839.0,44,92,459859.544,20.544
459881.0,29,92,459901.544,20.544
460224.0,39,93,460244.544,20.544
460270.0,1,93,460290.544,20.544
460356.0,48,93,460376.544,20.544
460438.0,24,93,460458.544,20.544
460541.0,32,93,460561.544,20.544
460596.0,22,93,460616.544,20.544
460635.0,45,87,460655.544,20.544
460681.0,12,93,460701.544,20.544
460706.95999764383,34,85,460727.5039976438,20.544
460890.0,41,93,460910.544,20.544
461086.0,5,93,461106.544,20.544
461118.0,14,93,461138.544,20.544
461189.0,18,93,461209.544,20.544
461393.0,2,93,461413.544,20.544
461439.0,49,93,461459.544,20.544
461614.0,17,93,461634.544,20.544
462058.0,20,93,462078.544,20.544
462084.0,31,93,462104.544,20.544
462376.0,10,93,462396.544,20.544
462418.0,9,93,462438.544,20.544
462518.0,28,91,462538.544,20.544
462566.0886281305,7,90,462586.6326281305,20.544
462614.0,26,93,462634.544,20.544
462644.40080022655,25,93,462664.94480022654,20.544
462685.0,11,93,462705.544,20.544
462815.0,35,93,462835.544,20.544
462868.0,40,93,462888.544,20.544
462913.5613561844,37,91,462934.1053561844,20.544
462949.0,27,93,462969.544,20.544
463062.0,43,93,463082.544,20.544
463138.0,38,93,463158.544,20.544
463239.0,6,93,463259.544,20.544
463340.0,3,93,463360.544,20.544
463369.0,42,92,463389.544,20.544
463403.1038102177,19,90,463423.6478102177,20.544
463563.0,36,93,463583.544,20.544
463597.0,13,93,463617.544,20.544
463660.0,23,93,463680.544,20.544
463782.0,15,93,463802.544,20.544
463886.0,30,93,463906.544,20.544
464048.0,0,93,464068.544,20.544
464238.0,21,93,464258.544,20.544
464304.0,16,93,464324.544,20.544
464338.9651210617,33,93,464359.5091210617,20.544
464519.0,47,93,464539.544,20.544
464647.0,4,93,464667.544,20.544
464809.0,8,93,464829.544,20.544
464839.0,44,93,464859.544,20.544
464881.0,29,93,464901.544,20.544
465224.0,39,94,465244.544,20.544
465270.0,1,94,465290.544,20.544
465356.0,48,94,465376.544,20.544
465438.0,24,94,465458.544,20.544
465541.0,32,94,465561.544,20.544
465596.0,22,94,465616.544,20.544
465635.0,45,88,465655.544,20.544
465670.9210275493,34,86,465691.4650275493,20.544
465717.6739105309,12,94,465738.2179105309,20.544
465890.0,41,94,465910.544,20.544
466086.0,5,94,466106.544,20.544
466118.0,14,94,466138.544,20.544
466189.0,18,94,466209.544,20.544
466393.0,2,94,466413.544,20.544
466439.0,49,94,466459.544,20.544
466614.0,17,94,466634.544,20.544
467058.0,20,94,467078.544,20.544
467084.0,31,94,467104.544,20.544
467376.0,10,94,467396.544,20.544
467418.0,9,94,467438.544,20.544
467518.0,28,92,467538.544,20.544
467571.8068147082,7,91,467592.3508147082,20.544
467614.0,26,94,467634.544,20.544
467660.1536124358,25,94,467680.6976124358,20.544
467702.4756818234,11,94,467723.0196818234,20.544
467815.0,35,94,467835.544,20.544
467868.0,40,94,467888.544,20.544
467896.8098044032,37,92,467917.3538044032,20.544
467949.0,27,94,467969.544,20.544
468062.0,43,94,468082.544,20.544
468138.0,38,94,468158.544,20.544
468239.0,6,94,468259.544,20.544
468340.0,3,94,468360.544,20.544
468369.0,42,93,468389.544,20.544
468409.6829390925,19,91,468430.2269390925,20.544
468563.0,36,94,468583.544,20.544
468597.0,13,94,468617.544,20.544
468660.0,23,94,468680.544,20.544
468782.0,15,94,468802.544,20.544
468886.0,30,94,468906.544,20.544
469048.0,0,94,469068.544,20.544
469238.0,21,94,469258.544,20.544
469304.0,16,94,469324.544,20.544
469408.1689929859,33,94,469428.7129929859,20.544
469519.0,47,94,469539.544,20.544
469647.0,4,94,469667.544,20.544
469809.0,8,94,469829.544,20.544
469839.0,44,94,469859.544,20.544
469881.0,29,94,469901.544,20.544
470224.0,39,95,470244.544,20.544
470270.0,1,95,470290.544,20.544
470356.0,48,95,470376.544,20.544
470438.0,24,95,470458.544,20.544
470541.0,32,95,470561.544,20.544
470596.0,22,95,470616.544,20.544
470633.77242031874,34,87,470654.31642031873,20.544
470681.0,12,95,470701.544,20.544
470709.5178167159,45,89,470730.06181671587,20.544
470890.0,41,95,470910.544,20.544
471086.0,5,95,471106.544,20.544
471118.0,14,95,471138.544,20.544
471189.0,18,95,471209.544,20.544
471393.0,2,95,471413.544,20.544
471439.0,49,95,471459.544,20.544
471614.0,17,95,471634.544,20.544
472058.0,20,95,472078.544,20.544
472084.0,31,95,472104.544,20.544
472376.0,10,95,472396.544,20.544
472418.0,9,95,472438.544,20.544
472518.0,28,93,472538.544,20.544
472543.794279857,7,92,472564.338279857,20.544
472614.0,26,95,472634.544,20.544
472655.9183712804,25,95,472676.4623712804,20.544
472685.0,11,95,472705.544,20.544
472815.0,35,95,472835.544,20.544
472868.0,40,95,472888.544,20.544
472923.7336725963,37,93,472944.2776725963,20.544
472951.4303666103,27,95,472971.9743666103,20.544
473062.0,43,95,473082.544,20.544
473138.0,38,95,473158.544,20.544
473239.0,6,95,473259.544,20.544
473340.0,3,95,473360.544,20.544
473369.0,42,94,473389.544,20.544
473430.1594094989,19,92,473450.7034094989,20.544
473563.0,36,95,473583.544,20.544
473597.0,13,95,473617.544,20.544
473660.0,23,95,473680.544,20.544
473782.0,15,95,473802.544,20.544
473886.0,30,95,473906.544,20.544
474048.0,0,95,474068.544,20.544
474238.0,21,95,474258.544,20.544
474304.0,16,95,474324.544,20.544
474366.9631920499,33,95,474387.5071920499,20.544
474519.0,47,95,474539.544,20.544
474647.0,4,95,474667.544,20.544
474809.0,8,95,474829.544,20.544
474839.0,44,95,474859.544,20.544
474881.0,29,95,474901.544,20.544
475224.0,39,96,475244.544,20.544
475270.0,1,96,475290.544,20.544
475356.0,48,96,475376.544,20.544
475438.0,24,96,475458.544,20.544
475541.0,32,96,475561.544,20.544
475596.0,22,96,475616.544,20.544
475628.89195412025,34,88,475649.43595412024,20.544
475659.18062012974,45,90,475679.72462012974,20.544
475699.5209471755,12,96,475720.0649471755,20.544
475890.0,41,96,475910.544,20.544
476086.0,5,96,476106.544,20.544
476118.0,14,96,476138.544,20.544
476189.0,18,96,476209.544,20.544
476393.0,2,96,476413.544,20.544
476439.0,49,96,476459.544,20.544
476614.0,17,96,476634.544,20.544
477058.0,20,96,477078.544,20.544
477084.0,31,96,477104.544,20.544
477376.0,10,96,477396.544,20.544
477413.18442309304,46,87,477433.72842309304,20.544
477453.2968842853,9,96,477473.8408842853,20.544
477518.0,28,94,477538.544,20.544
477552.6768822474,7,93,477573.2208822474,20.544
477614.0,26,96,477634.544,20.544
477650.19418268616,25,96,477670.73818268615,20.544
477685.0,11,96,477705.544,20.544
477815.0,35,96,477835.544,20.544
477868.0,40,96,477888.544,20.544
477918.8730008745,37,94,477939.41700087447,20.544
477949.0,27,96,477969.544,20.544
478062.0,43,96,478082.544,20.544
478138.0,38,96,478158.544,20.544
478239.0,6,96,478259.544,20.544
478340.0,3,96,478360.544,20.544
478369.0,42,95,478389.544,20.544
478401.14693812287,19,93,478421.69093812286,20.544
478563.0,36,96,478583.544,20.544
478597.0,13,96,478617.544,20.544
478660.0,23,96,478680.544,20.544
478782.0,15,96,478802.544,20.544
478886.0,30,96,478906.544,20.544
479048.0,0,96,479068.544,20.544
479238.0,21,96,479258.544,20.544
479304.0,16,96,479324.544,20.544
479353.36595404247,33,96,479373.90995404246,20.544
479519.0,47,96,479539.544,20.544
479647.0,4,96,479667.544,20.544
479809.0,8,96,479829.544,20.544
479839.0,44,96,479859.544,20.544
479881.0,29,96,479901.544,20.544
480224.0,39,97,480244.544,20.544
480270.0,1,97,480290.544,20.544
480356.0,48,97,480376.544,20.544
480438.0,24,97,480458.544,20.544
480541.0,32,97,480561.544,20.544
480596.0,22,97,480616.544,20.544
480635.0,45,91,480655.544,20.544
480681.0,12,97,480701.544,20.544
480890.0,41,97,480910.544,20.544
481086.0,5,97,481106.544,20.544
481118.0,14,97,481138.544,20.544
481189.0,18,97,481209.544,20.544
481393.0,2,97,481413.544,20.544
481439.0,49,97,481459.544,20.544
481614.0,17,97,481634.544,20.544
482058.0,20,97,482078.544,20.544
482084.0,31,97,482104.544,20.544
482376.0,10,97,482396.544,20.544
482418.0,9,97,482438.544,20.544
482518.0,28,95,482538.544,20.544
482548.5187485117,7,94,482569.0627485117,20.544
482614.0,26,97,482634.544,20.544
482660.4883978037,25,97,482681.0323978037,20.544
482690.1989584726,11,97,482710.7429584726,20.544
482815.0,35,97,482835.544,20.544
482868.0,40,97,482888.544,20.544
482949.0,27,97,482969.544,20.544
483062.0,43,97,483082.544,20.544
483138.0,38,97,483158.544,20.544
483239.0,6,97,483259.544,20.544
483340.0,3,97,483360.544,20.544
483369.0,42,96,483389.544,20.544
483406.4692538074,19,94,483427.0132538074,20.544
483563.0,36,97,483583.544,20.544
483597.0,13,97,483617.544,20.544
483660.0,23,97,483680.544,20.544
483782.0,15,97,483802.544,20.544
483886.0,30,97,483906.544,20.544
484048.0,0,97,484068.544,20.544
484238.0,21,97,484258.544,20.544
484304.0,16,97,484324.544,20.544
484346.0480606396,33,97,484366.5920606396,20.544
484519.0,47,97,484539.544,20.544
484647.0,4,97,484667.544,20.544
484809.0,8,97,484829.544,20.544
484839.0,44,97,484859.544,20.544
484881.0,29,97,484901.544,20.544
485224.0,39,98,485244.544,20.544
485270.0,1,98,485290.544,20.544
485356.0,48,98,485376.544,20.544
485438.0,24,98,485458.544,20.544
485541.0,32,98,485561.544,20.544
485596.0,22,98,485616.544,20.544
485635.0,45,92,485655.544,20.544
485681.0,12,98,485701.544,20.544
485744.47457733157,34,89,485765.01857733156,20.544
485890.0,41,98,485910.544,20.544
486086.0,5,98,486106.544,20.544
486118.0,14,98,486138.544,20.544
486189.0,18,98,486209.544,20.544
486393.0,2,98,486413.544,20.544
486439.0,49,98,486459.544,20.544
486614.0,17,98,486634.544,20.544
487058.0,20,98,487078.544,20.544
487084.0,31,98,487104.544,20.544
487376.0,10,98,487396.544,20.544
487406.81677664956,46,88,487427.36077664956,20.544
487451.412005916,9,98,487471.956005916,20.544
487518.0,28,96,487538.544,20.544
487560.11399282375,7,95,487580.65799282375,20.544
487614.0,26,98,487634.544,20.544
487645.4130323695,25,98,487665.9570323695,20.544
487685.0,11,98,487705.544,20.544
487815.0,35,98,487835.544,20.544
487868.0,40,98,487888.544,20.544
487912.36619329016,37,95,487932.91019329015,20.544
487949.0,27,98,487969.544,20.544
488062.0,43,98,488082.544,20.544
488138.0,38,98,488158.544,20.544
488239.0,6,98,488259.544,20.544
488340.0,3,98,488360.544,20.544
488369.0,42,97,488389.544,20.544
488419.93114721705,19,95,488440.47514721705,20.544
488563.0,36,98,488583.544,20.544
488597.0,13,98,488617.544,20.544
488660.0,23,98,488680.544,20.544
488782.0,15,98,488802.544,20.544
488886.0,30,98,488906.544,20.544
489048.0,0,98,489068.544,20.544
489238.0,21,98,489258.544,20.544
489304.0,16,98,489324.544,20.544
489356.2252490795,33,98,489376.7692490795,20.544
489519.0,47,98,489539.544,20.544
489647.0,4,98,489667.544,20.544
489809.0,8,98,489829.544,20.544
489839.0,44,98,489859.544,20.544
489881.0,29,98,489901.544,20.544
490224.0,39,99,490244.544,20.544
490270.0,1,99,490290.544,20.544
490356.0,48,99,490376.544,20.544
490438.0,24,99,490458.544,20.544
490541.0,32,99,490561.544,20.544
490596.0,22,99,490616.544,20.544
490632.3973824055,34,90,490652.9413824055,20.544
490681.0,12,99,490701.544,20.544
490739.47061907273,45,93,490760.0146190727,20.544
490890.0,41,99,490910.544,20.544
491086.0,5,99,491106.544,20.544
491118.0,14,99,491138.544,20.544
491189.0,18,99,491209.544,20.544
491393.0,2,99,491413.544,20.544
491439.0,49,99,491459.544,20.544
491614.0,17,99,491634.544,20.544
492058.0,20,99,492078.544,20.544
492084.0,31,99,492104.544,20.544
492376.0,10,99,492396.544,20.544
492418.0,9,99,492438.544,20.544
492494.6093420196,46,89,492515.1533420196,20.544
492529.0,7,96,492549.544,20.544
492572.1406623909,28,97,492592.6846623909,20.544
492614.0,26,99,492634.544,20.544
492667.3886346672,25,99,492687.9326346672,20.544
492700.28009556927,11,99,492720.82409556926,20.544
492815.0,35,99,492835.544,20.544
492868.0,40,99,492888.544,20.544
492912.0010119059,37,96,492932.5450119059,20.544
492949.0,27,99,492969.544,20.544
493062.0,43,99,493082.544,20.544
493138.0,38,99,493158.544,20.544
493239.0,6,99,493259.544,20.544
493340.0,3,99,493360.544,20.544
493369.0,42,98,493389.544,20.544
493422.39159759524,19,96,493442.93559759523,20.544
493563.0,36,99,493583.544,20.544
493597.0,13,99,493617.544,20.544
493660.0,23,99,493680.544,20.544
493782.0,15,99,493802.544,20.544
493886.0,30,99,493906.544,20.544
494048.0,0,99,494068.544,20.544
494238.0,21,99,494258.544,20.544
494304.0,16,99,494324.544,20.544
494351.6365247685,33,99,494372.1805247685,20.544
494519.0,47,99,494539.544,20.544
494647.0,4,99,494667.544,20.544
494809.0,8,99,494829.544,20.544
494839.0,44,99,494859.544,20.544
494881.0,29,99,494901.544,20.544
495224.0,39,100,495244.544,20.544
495270.0,1,100,495290.544,20.544
495356.0,48,100,495376.544,20.544
495438.0,24,100,495458.544,20.544
495541.0,32,100,495561.544,20.544
495596.0,22,100,495616.544,20.544
495630.39725407236,34,91,495650.94125407236,20.544
495673.22161995876,45,94,495693.76561995875,20.544
495699.555155995,12,100,495720.099155995,20.544
495890.0,41,100,495910.544,20.544
496086.0,5,100,496106.544,20.544
496118.0,14,100,496138.544,20.544
496189.0,18,100,496209.544,20.544
496393.0,2,100,496413.544,20.544
496439.0,49,100,496459.544,20.544
496614.0,17,100,496634.544,20.544
497058.0,20,100,497078.544,20.544
497084.0,31,100,497104.544,20.544
497376.0,10,100,497396.544,20.544
497418.0,9,100,497438.544,20.544
497482.9478727257,46,90,497503.4918727257,20.544
497518.0,28,98,497538.544,20.544
497548.4641679974,7,97,497569.0081679974,20.544
497614.0,26,100,497634.544,20.544
497656.71468422917,25,100,497677.25868422916,20.544
497685.0,11,100,497705.544,20.544
497815.0,35,100,497835.544,20.544
497868.0,40,100,497888.544,20.544
497949.0,27,100,497969.544,20.544
498062.0,43,100,498082.544,20.544
498138.0,38,100,498158.544,20.544
498239.0,6,100,498259.544,20.544
498340.0,3,100,498360.544,20.544
498365.8609040613,19,97,498386.4049040613,20.544
498409.81408600695,42,99,498430.35808600695,20.544
498563.0,36,100,498583.544,20.544
498597.0,13,100,498617.544,20.544
498660.0,23,100,498680.544,20.544
498782.0,15,100,498802.544,20.544
498886.0,30,100,498906.544,20.544
499048.0,0,100,499068.544,20.544
499238.0,21,100,499258.544,20.544
499304.0,16,100,499324.544,20.544
499350.5290813149,33,100,499371.0730813149,20.544
499519.0,47,100,499539.544,20.544
499647.0,4,100,499667.544,20.544
499809.0,8,100,499829.544,20.544
499839.0,44,100,499859.544,20.544
499881.0,29,100,499901.544,20.544
500224.0,39,101,500244.544,20.544
500270.0,1,101,500290.544,20.544
500356.0,48,101,500376.544,20.544
500438.0,24,101,500458.544,20.544
500541.0,32,101,500561.544,20.544
500596.0,22,101,500616.544,20.544
500635.0,45,95,500655.544,20.544
500672.61982320424,34,92,500693.16382320423,20.544
500704.9163903078,12,101,500725.46039030777,20.544
500890.0,41,101,500910.544,20.544
501086.0,5,101,501106.544,20.544
501118.0,14,101,501138.544,20.544
501189.0,18,101,501209.544,20.544
501393.0,2,101,501413.544,20.544
501439.0,49,101,501459.544,20.544
501614.0,17,101,501634.544,20.544
502058.0,20,101,502078.544,20.544
502084.0,31,101,502104.544,20.544
502376.0,10,101,502396.544,20.544
502418.0,9,101,502438.544,20.544
502503.5512414512,46,91,502524.09524145117,20.544
502540.5409626402,28,99,502561.0849626402,20.544
502583.6604786704,7,98,502604.2044786704,20.544
502614.0,26,101,502634.544,20.544
502651.3547665375,25,101,502671.8987665375,20.544
502685.0,11,101,502705.544,20.544
502815.0,35,101,502835.544,20.544
502868.0,40,101,502888.544,20.544
502898.965990748,37,97,502919.509990748,20.544
502949.0,27,101,502969.544,20.544
503062.0,43,101,503082.544,20.544
503138.0,38,101,503158.544,20.544
503239.0,6,101,503259.544,20.544
503340.0,3,101,503360.544,20.544
503365.80201202777,19,98,503386.34601202776,20.544
503435.2255427318,42,100,503455.7695427318,20.544
503563.0,36,101,503583.544,20.544
503597.0,13,101,503617.544,20.544
503660.0,23,101,503680.544,20.544
503782.0,15,101,503802.544,20.544
503886.0,30,101,503906.544,20.544
504048.0,0,101,504068.544,20.544
504238.0,21,101,504258.544,20.544
504304.0,16,101,504324.544,20.544
504365.1866718131,33,101,504385.7306718131,20.544
504519.0,47,101,504539.544,20.544
504647.0,4,101,504667.544,20.544
504809.0,8,101,504829.544,20.544
504839.0,44,101,504859.544,20.544
504881.0,29,101,504901.544,20.544
505224.0,39,102,505244.544,20.544
505270.0,1,102,505290.544,20.544
505356.0,48,102,505376.544,20.544
505438.0,24,102,505458.544,20.544
505541.0,32,102,505561.544,20.544
505596.0,22,102,505616.544,20.544
505635.0,45,96,505655.544,20.544
505662.7507828107,34,93,505683.29478281067,20.544
505698.44349353004,12,102,505718.98749353003,20.544
505890.0,41,102,505910.544,20.544
506086.0,5,102,506106.544,20.544
506118.0,14,102,506138.544,20.544
506189.0,18,102,506209.544,20.544
506393.0,2,102,506413.544,20.544
506439.0,49,102,506459.544,20.544
506614.0,17,102,506634.544,20.544
507058.0,20,102,507078.544,20.544
507084.0,31,102,507104.544,20.544
507376.0,10,102,507396.544,20.544
507418.0,9,102,507438.544,20.544
507518.0,28,100,507538.544,20.544
507578.67833635194,7,99,507599.22233635193,20.544
507614.0,26,102,507634.544,20.544
507658.3682922109,25,102,507678.9122922109,20.544
507685.0,11,102,507705.544,20.544
507815.0,35,102,507835.544,20.544
507868.0,40,102,507888.544,20.544
507939.16763792036,37,98,507959.71163792035,20.544
507999.8668247729,27,102,508020.4108247729,20.544
508062.0,43,102,508082.544,20.544
508138.0,38,102,508158.544,20.544
508239.0,6,102,508259.544,20.544
508340.0,3,102,508360.544,20.544
508369.0,42,101,508389.544,20.544
508417.9240937202,19,99,508438.4680937202,20.544
508563.0,36,102,508583.544,20.544
508597.0,13,102,508617.544,20.544
508660.0,23,102,508680.544,20.544
508782.0,15,102,508802.544,20.544
508886.0,30,102,508906.544,20.544
509048.0,0,102,509068.544,20.544
509238.0,21,102,509258.544,20.544
509304.0,16,102,509324.544,20.544
509339.6399445931,33,102,509360.18394459307,20.544
509519.0,47,102,509539.544,20.544
509647.0,4,102,509667.544,20.544
509809.0,8,102,509829.544,20.544
509839.0,44,102,509859.544,20.544
509881.0,29,102,509901.544,20.544
510224.0,39,103,510244.544,20.544
510270.0,1,103,510290.544,20.544
510356.0,48,103,510376.544,20.544
510438.0,24,103,510458.544,20.544
510541.0,32,103,510561.544,20.544
510596.0,22,103,510616.544,20.544
510635.0,45,97,510655.544,20.544
510681.0,12,103,510701.544,20.544
510890.0,41,103,510910.544,20.544
511086.0,5,103,511106.544,20.544
511118.0,14,103,511138.544,20.544
511189.0,18,103,511209.544,20.544
511393.0,2,103,511413.544,20.544
511439.0,49,103,511459.544,20.544
511614.0,17,103,511634.544,20.544
512058.0,20,103,512078.544,20.544
512084.0,31,103,512104.544,20.544
512376.0,10,103,512396.544,20.544
512418.0,9,103,512438.544,20.544
512444.4087326422,46,92,512464.9527326422,20.544
512518.0,28,101,512538.544,20.544
512546.7192486579,7,100,512567.26324865787,20.544
512614.0,26,103,512634.544,20.544
512657.9217945601,25,103,512678.4657945601,20.544
512685.0,11,103,512705.544,20.544
512815.0,35,103,512835.544,20.544
512868.0,40,103,512888.544,20.544
512899.88794968085,37,99,512920.43194968085,20.544
512949.0,27,103,512969.544,20.544
513062.0,43,103,513082.544,20.544
513138.0,38,103,513158.544,20.544
513239.0,6,103,513259.544,20.544
513340.0,3,103,513360.544,20.544
513366.4355065431,19,100,513386.9795065431,20.544
513460.2174005116,42,102,513480.7614005116,20.544
513563.0,36,103,513583.544,20.544
513597.0,13,103,513617.544,20.544
513660.0,23,103,513680.544,20.544
513782.0,15,103,513802.544,20.544
513886.0,30,103,513906.544,20.544
514048.0,0,103,514068.544,20.544
514238.0,21,103,514258.544,20.544
514304.0,16,103,514324.544,20.544
514332.90512133815,33,103,514353.44912133814,20.544
514519.0,47,103,514539.544,20.544
514647.0,4,103,514667.544,20.544
514809.0,8,103,514829.544,20.544
514839.0,44,103,514859.544,20.544
514881.0,29,103,514901.544,20.544
515224.0,39,104,515244.544,20.544
515270.0,1,104,515290.544,20.544
515356.0,48,104,515376.544,20.544
515438.0,24,104,515458.544,20.544
515541.0,32,104,515561.544,20.544
515596.0,22,104,515616.544,20.544
515625.20086481504,34,94,515645.74486481503,20.544
515651.3513545087,45,98,515671.8953545087,20.544
515681.0,12,104,515701.544,20.544
515890.0,41,104,515910.544,20.544
516086.0,5,104,516106.544,20.544
516118.0,14,104,516138.544,20.544
516189.0,18,104,516209.544,20.544
516393.0,2,104,516413.544,20.544
516439.0,49,104,516459.544,20.544
516614.0,17,104,516634.544,20.544
517058.0,20,104,517078.544,20.544
517084.0,31,104,517104.544,20.544
517376.0,10,104,517396.544,20.544
517418.0,9,104,517438.544,20.544
517446.52710926736,46,93,517467.07110926736,20.544
517518.0,28,102,517538.544,20.544
517572.6355128694,7,101,517593.1795128694,20.544
517614.0,26,104,517634.544,20.544
517648.23988909996,25,104,517668.78388909996,20.544
517685.0,11,104,517705.544,20.544
517815.0,35,104,517835.544,20.544
517868.0,40,104,517888.544,20.544
517901.8865581221,37,100,517922.4305581221,20.544
517949.0,27,104,517969.544,20.544
518062.0,43,104,518082.544,20.544
518138.0,38,104,518158.544,20.544
518239.0,6,104,518259.544,20.544
518340.0,3,104,518360.544,20.544
518369.0,42,103,518389.544,20.544
518409.2418692942,19,101,518429.7858692942,20.544
518563.0,36,104,518583.544,20.544
518597.0,13,104,518617.544,20.544
518660.0,23,104,518680.544,20.544
518782.0,15,104,518802.544,20.544
518886.0,30,104,518906.544,20.544
519048.0,0,104,519068.544,20.544
519238.0,21,104,519258.544,20.544
519304.0,16,104,519324.544,20.544
519346.0044260111,33,104,519366.5484260111,20.544
519519.0,47,104,519539.544,20.544
519647.0,4,104,519667.544,20.544
519809.0,8,104,519829.544,20.544
519839.0,44,104,519859.544,20.544
519881.0,29,104,519901.544,20.544
520224.0,39,105,520244.544,20.544
520270.0,1,105,520290.544,20.544
520356.0,48,105,520376.544,20.544
520438.0,24,105,520458.544,20.544
520541.0,32,105,520561.544,20.544
520596.0,22,105,520616.544,20.544
520633.3336490015,34,95,520653.8776490015,20.544
520681.0,12,105,520701.544,20.544
520742.3588971164,45,99,520762.9028971164,20.544
520890.0,41,105,520910.544,20.544
521086.0,5,105,521106.544,20.544
521118.0,14,105,521138.544,20.544
521189.0,18,105,521209.544,20.544
521393.0,2,105,521413.544,20.544
521439.0,49,105,521459.544,20.544
521614.0,17,105,521634.544,20.544
522058.0,20,105,522078.544,20.544
522084.0,31,105,522104.544,20.544
522376.0,10,105,522396.544,20.544
522406.5189114029,46,94,522427.0629114029,20.544
522436.9390100729,9,105,522457.4830100729,20.544
522518.0,28,103,522538.544,20.544
522583.44787241454,7,102,522603.99187241454,20.544
522614.0,26,105,522634.544,20.544
522645.33446814487,25,105,522665.87846814486,20.544
522685.0,11,105,522705.544,20.544
522815.0,35,105,522835.544,20.544
522868.0,40,105,522888.544,20.544
522916.9557249655,37,101,522937.4997249655,20.544
522949.0,27,105,522969.544,20.544
523062.0,43,105,523082.544,20.544
523138.0,38,105,523158.544,20.544
523239.0,6,105,523259.544,20.544
523340.0,3,105,523360.544,20.544
523369.0,42,104,523389.544,20.544
523441.07261484495,19,102,523461.61661484494,20.544
523563.0,36,105,523583.544,20.544
523597.0,13,105,523617.544,20.544
523660.0,23,105,523680.544,20.544
523782.0,15,105,523802.544,20.544
523886.0,30,105,523906.544,20.544
524048.0,0,105,524068.544,20.544
524238.0,21,105,524258.544,20.544
524304.0,16,105,524324.544,20.544
524333.7920263361,33,105,524354.3360263361,20.544
524519.0,47,105,524539.544,20.544
524647.0,4,105,524667.544,20.544
524809.0,8,105,524829.544,20.544
524839.0,44,105,524859.544,20.544
524881.0,29,105,524901.544,20.544
525224.0,39,106,525244.544,20.544
525270.0,1,106,525290.544,20.544
525356.0,48,106,525376.544,20.544
525438.0,24,106,525458.544,20.544
525541.0,32,106,525561.544,20.544
525596.0,22,106,525616.544,20.544
525635.0,45,100,525655.544,20.544
525681.0,12,106,525701.544,20.544
525890.0,41,106,525910.544,20.544
526086.0,5,106,526106.544,20.544
526118.0,14,106,526138.544,20.544
526189.0,18,106,526209.544,20.544
526393.0,2,106,526413.544,20.544
526439.0,49,106,526459.544,20.544
526614.0,17,106,526634.544,20.544
527058.0,20,106,527078.544,20.544
527084.0,31,106,527104.544,20.544
527376.0,10,106,527396.544,20.544
527418.0,9,106,527438.544,20.544
527518.0,28,104,527538.544,20.544
527545.9425524322,7,103,527566.4865524322,20.544
527614.0,26,106,527634.544,20.544
527657.7166040225,25,106,527678.2606040225,20.544
527685.0,11,106,527705.544,20.544
527815.0,35,106,527835.544,20.544
527868.0,40,106,527888.544,20.544
527921.3908323285,37,102,527941.9348323285,20.544
527949.0,27,106,527969.544,20.544
528062.0,43,106,528082.544,20.544
528138.0,38,106,528158.544,20.544
528239.0,6,106,528259.544,20.544
528340.0,3,106,528360.544,20.544
528369.0,42,105,528389.544,20.544
528416.7807666308,19,103,528437.3247666308,20.544
528563.0,36,106,528583.544,20.544
528597.0,13,106,528617.544,20.544
528660.0,23,106,528680.544,20.544
528782.0,15,106,528802.544,20.544
528886.0,30,106,528906.544,20.544
529048.0,0,106,529068.544,20.544
529238.0,21,106,529258.544,20.544
529304.0,16,106,529324.544,20.544
529335.1645736417,33,106,529355.7085736417,20.544
529519.0,47,106,529539.544,20.544
529647.0,4,106,529667.544,20.544
529809.0,8,106,529829.544,20.544
529839.0,44,106,529859.544,20.544
529881.0,29,106,529901.544,20.544
530224.0,39,107,530244.544,20.544
530270.0,1,107,530290.544,20.544
530356.0,48,107,530376.544,20.544
530438.0,24,107,530458.544,20.544
530541.0,32,107,530561.544,20.544
530596.0,22,107,530616.544,20.544
530633.8652181273,34,96,530654.4092181273,20.544
530681.0,12,107,530701.544,20.544
530890.0,41,107,530910.544,20.544
531086.0,5,107,531106.544,20.544
531118.0,14,107,531138.544,20.544
531189.0,18,107,531209.544,20.544
531393.0,2,107,531413.544,20.544
531439.0,49,107,531459.544,20.544
531614.0,17,107,531634.544,20.544
532058.0,20,107,532078.544,20.544
532084.0,31,107,532104.544,20.544
532376.0,10,107,532396.544,20.544
532418.0,9,107,532438.544,20.544
532518.0,28,105,532538.544,20.544
532552.8618072937,7,104,532573.4058072937,20.544
532614.0,26,107,532634.544,20.544
532652.2950810815,25,107,532672.8390810814,20.544
532685.0,11,107,532705.544,20.544
532815.0,35,107,532835.544,20.544
532868.0,40,107,532888.544,20.544
532903.1070994736,37,103,532923.6510994736,20.544
532949.0,27,107,532969.544,20.544
533062.0,43,107,533082.544,20.544
533138.0,38,107,533158.544,20.544
533239.0,6,107,533259.544,20.544
533340.0,3,107,533360.544,20.544
533369.0,42,106,533389.544,20.544
533423.3388478127,19,104,533443.8828478127,20.544
533563.0,36,107,533583.544,20.544
533597.0,13,107,533617.544,20.544
533660.0,23,107,533680.544,20.544
533782.0,15,107,533802.544,20.544
533886.0,30,107,533906.544,20.544
534048.0,0,107,534068.544,20.544
534238.0,21,107,534258.544,20.544
534304.0,16,107,534324.544,20.544
534376.8440305132,33,107,534397.3880305132,20.544
534519.0,47,107,534539.544,20.544
534647.0,4,107,534667.544,20.544
534809.0,8,107,534829.544,20.544
534839.0,44,107,534859.544,20.544
534881.0,29,107,534901.544,20.544
535224.0,39,108,535244.544,20.544
535270.0,1,108,535290.544,20.544
535356.0,48,108,535376.544,20.544
535438.0,24,108,535458.544,20.544
535541.0,32,108,535561.544,20.544
535596.0,22,108,535616.544,20.544
535634.3127617148,34,97,535654.8567617148,20.544
535673.1382696491,45,101,535693.6822696491,20.544
535722.7272046623,12,108,535743.2712046623,20.544
535890.0,41,108,535910.544,20.544
536086.0,5,108,536106.544,20.544
536118.0,14,108,536138.544,20.544
536189.0,18,108,536209.544,20.544
536393.0,2,108,536413.544,20.544
536439.0,49,108,536459.544,20.544
536614.0,17,108,536634.544,20.544
537058.0,20,108,537078.544,20.544
537084.0,31,108,537104.544,20.544
537376.0,10,108,537396.544,20.544
537418.0,9,108,537438.544,20.544
537504.2648638294,46,95,537524.8088638294,20.544
537550.8742643463,7,105,537571.4182643463,20.544
537614.0,26,108,537634.544,20.544
537654.9938428369,25,108,537675.5378428369,20.544
537685.0,11,108,537705.544,20.544
537815.0,35,108,537835.544,20.544
537868.0,40,108,537888.544,20.544
537925.6797666596,37,104,537946.2237666596,20.544
537966.5619356311,27,108,537987.1059356311,20.544
538062.0,43,108,538082.544,20.544
538138.0,38,108,538158.544,20.544
538239.0,6,108,538259.544,20.544
538340.0,3,108,538360.544,20.544
538369.0,42,107,538389.544,20.544
538400.9767041273,19,105,538421.5207041273,20.544
538563.0,36,108,538583.544,20.544
538597.0,13,108,538617.544,20.544
538660.0,23,108,538680.544,20.544
538782.0,15,108,538802.544,20.544
538886.0,30,108,538906.544,20.544
539048.0,0,108,539068.544,20.544
539238.0,21,108,539258.544,20.544
539304.0,16,108,539324.544,20.544
539336.5971832777,33,108,539357.1411832777,20.544
539519.0,47,108,539539.544,20.544
539647.0,4,108,539667.544,20.544
539809.0,8,108,539829.544,20.544
539839.0,44,108,539859.544,20.544
539881.0,29,108,539901.544,20.544
540224.0,39,109,540244.544,20.544
540270.0,1,109,540290.544,20.544
540356.0,48,109,540376.544,20.544
540438.0,24,109,540458.544,20.544
540541.0,32,109,540561.544,20.544
540596.0,22,109,540616.544,20.544
540621.7500313689,34,98,540642.2940313689,20.544
540649.9594485519,45,102,540670.5034485519,20.544
540681.0,12,109,540701.544,20.544
540890.0,41,109,540910.544,20.544
541086.0,5,109,541106.544,20.544
541118.0,14,109,541138.544,20.544
541189.0,18,109,541209.544,20.544
541393.0,2,109,541413.544,20.544
541439.0,49,109,541459.544,20.544
541614.0,17,109,541634.544,20.544
542058.0,20,109,542078.544,20.544
542084.0,31,109,542104.544,20.544
542376.0,10,109,542396.544,20.544
542415.363759262,46,96,542435.907759262,20.544
542451.9283341942,9,109,542472.4723341942,20.544
542518.0,28,106,542538.544,20.544
542614.0,26,109,542634.544,20.544
542643.9298999513,25,109,542664.4738999513,20.544
542685.0,11,109,542705.544,20.544
542815.0,35,109,542835.544,20.544
542868.0,40,109,542888.544,20.544
542921.4359665244,37,105,542941.9799665244,20.544
542949.0,27,109,542969.544,20.544
543062.0,43,109,543082.544,20.544
543138.0,38,109,543158.544,20.544
543239.0,6,109,543259.544,20.544
543340.0,3,109,543360.544,20.544
543369.0,42,108,543389.544,20.544
543428.5436486109,19,106,543449.0876486109,20.544
543563.0,36,109,543583.544,20.544
543597.0,13,109,543617.544,20.544
543660.0,23,109,543680.544,20.544
543782.0,15,109,543802.544,20.544
543886.0,30,109,543906.544,20.544
544048.0,0,109,544068.544,20.544
544238.0,21,109,544258.544,20.544
544304.0,16,109,544324.544,20.544
544334.3439076582,33,109,544354.8879076582,20.544
544519.0,47,109,544539.544,20.544
544647.0,4,109,544667.544,20.544
544809.0,8,109,544829.544,20.544
544839.0,44,109,544859.544,20.544
544881.0,29,109,544901.544,20.544
545224.0,39,110,545244.544,20.544
545270.0,1,110,545290.544,20.544
545356.0,48,110,545376.544,20.544
545438.0,24,110,545458.544,20.544
545541.0,32,110,545561.544,20.544
545596.0,22,110,545616.544,20.544
545635.0,45,103,545655.544,20.544
545676.3584197089,34,99,545696.9024197089,20.544
545739.6921453585,12,110,545760.2361453585,20.544
545890.0,41,110,545910.544,20.544
546086.0,5,110,546106.544,20.544
546118.0,14,110,546138.544,20.544
546189.0,18,110,546209.544,20.544
546393.0,2,110,546413.544,20.544
546439.0,49,110,546459.544,20.544
546614.0,17,110,546634.544,20.544
547058.0,20,110,547078.544,20.544
547084.0,31,110,547104.544,20.544
547376.0,10,110,547396.544,20.544
547418.0,9,110,547438.544,20.544
547483.0503303168,46,97,547503.5943303168,20.544
547518.0,28,107,547538.544,20.544
547551.950707983,7,106,547572.494707983,20.544
547614.0,26,110,547634.544,20.544
547676.7328243162,25,110,547697.2768243162,20.544
547715.2748020634,11,110,547735.8188020634,20.544
547815.0,35,110,547835.544,20.544
547868.0,40,110,547888.544,20.544
547936.1056603907,37,106,547956.6496603907,20.544
547968.6135928459,27,110,547989.1575928458,20.544
548062.0,43,110,548082.544,20.544
548138.0,38,110,548158.544,20.544
548239.0,6,110,548259.544,20.544
548340.0,3,110,548360.544,20.544
548369.0,42,109,548389.544,20.544
548439.6693721537,19,107,548460.2133721537,20.544
548563.0,36,110,548583.544,20.544
548597.0,13,110,548617.544,20.544
548660.0,23,110,548680.544,20.544
548782.0,15,110,548802.544,20.544
548886.0,30,110,548906.544,20.544
549048.0,0,110,549068.544,20.544
549238.0,21,110,549258.544,20.544
549304.0,16,110,549324.544,20.544
549333.6414374625,33,110,549354.1854374625,20.544
549519.0,47,110,549539.544,20.544
549647.0,4,110,549667.544,20.544
549809.0,8,110,549829.544,20.544
549839.0,44,110,549859.544,20.544
549881.0,29,110,549901.544,20.544
550224.0,39,111,550244.544,20.544
550270.0,1,111,550290.544,20.544
550356.0,48,111,550376.544,20.544
550438.0,24,111,550458.544,20.544
550541.0,32,111,550561.544,20.544
550596.0,22,111,550616.544,20.544
550629.8714663434,34,100,550650.4154663434,20.544
550656.5933741408,45,104,550677.1373741408,20.544
550693.7767229286,12,111,550714.3207229286,20.544
550890.0,41,111,550910.544,20.544
551086.0,5,111,551106.544,20.544
551118.0,14,111,551138.544,20.544
551189.0,18,111,551209.544,20.544
551393.0,2,111,551413.544,20.544
551439.0,49,111,551459.544,20.544
551614.0,17,111,551634.544,20.544
552058.0,20,111,552078.544,20.544
552084.0,31,111,552104.544,20.544
552376.0,10,111,552396.544,20.544
552418.0,9,111,552438.544,20.544
552480.5093868814,46,98,552501.0533868814,20.544
552518.0,28,108,552538.544,20.544
552544.0627345672,7,107,552564.6067345672,20.544
552614.0,26,111,552634.544,20.544
552653.8669093656,25,111,552674.4109093656,20.544
552685.0,11,111,552705.544,20.544
552815.0,35,111,552835.544,20.544
552868.0,40,111,552888.544,20.544
552949.0,27,111,552969.544,20.544
553062.0,43,111,553082.544,20.544
553138.0,38,111,553158.544,20.544
553239.0,6,111,553259.544,20.544
553340.0,3,111,553360.544,20.544
553369.0,42,110,553389.544,20.544
553409.1334823027,19,108,553429.6774823026,20.544
553563.0,36,111,553583.544,20.544
553597.0,13,111,553617.544,20.544
553660.0,23,111,553680.544,20.544
553782.0,15,111,553802.544,20.544
553886.0,30,111,553906.544,20.544
554048.0,0,111,554068.544,20.544
554238.0,21,111,554258.544,20.544
554304.0,16,111,554324.544,20.544
554340.6328185862,33,111,554361.1768185862,20.544
554519.0,47,111,554539.544,20.544
554647.0,4,111,554667.544,20.544
554809.0,8,111,554829.544,20.544
554839.0,44,111,554859.544,20.544
554881.0,29,111,554901.544,20.544
555224.0,39,112,555244.544,20.544
555270.0,1,112,555290.544,20.544
555356.0,48,112,555376.544,20.544
555438.0,24,112,555458.544,20.544
555541.0,32,112,555561.544,20.544
555596.0,22,112,555616.544,20.544
555621.8880291253,34,101,555642.4320291253,20.544
555649.1857235547,45,105,555669.7297235547,20.544
555681.0,12,112,555701.544,20.544
555890.0,41,112,555910.544,20.544
556086.0,5,112,556106.544,20.544
556118.0,14,112,556138.544,20.544
556189.0,18,112,556209.544,20.544
556393.0,2,112,556413.544,20.544
556439.0,49,112,556459.544,20.544
556614.0,17,112,556634.544,20.544
557058.0,20,112,557078.544,20.544
557084.0,31,112,557104.544,20.544
557376.0,10,112,557396.544,20.544
557418.0,9,112,557438.544,20.544
557493.196507355,46,99,557513.740507355,20.544
557524.6828842396,28,109,557545.2268842396,20.544
557559.7918610717,7,108,557580.3358610717,20.544
557614.0,26,112,557634.544,20.544
557651.3637062316,25,112,557671.9077062316,20.544
557685.0,11,112,557705.544,20.544
557815.0,35,112,557835.544,20.544
557868.0,40,112,557888.544,20.544
557928.325416796,37,107,557948.869416796,20.544
557961.3995649398,27,112,557981.9435649398,20.544
558062.0,43,112,558082.544,20.544
558138.0,38,112,558158.544,20.544
558239.0,6,112,558259.544,20.544
558340.0,3,112,558360.544,20.544
558369.0,42,111,558389.544,20.544
558563.0,36,112,558583.544,20.544
558597.0,13,112,558617.544,20.544
558660.0,23,112,558680.544,20.544
558782.0,15,112,558802.544,20.544
558886.0,30,112,558906.544,20.544
559048.0,0,112,559068.544,20.544
559238.0,21,112,559258.544,20.544
559304.0,16,112,559324.544,20.544
559330.4338888043,33,112,559350.9778888043,20.544
559519.0,47,112,559539.544,20.544
559647.0,4,112,559667.544,20.544
559809.0,8,112,559829.544,20.544
559839.0,44,112,559859.544,20.544
559881.0,29,112,559901.544,20.544
560224.0,39,113,560244.544,20.544
560270.0,1,113,560290.544,20.544
560356.0,48,113,560376.544,20.544
560438.0,24,113,560458.544,20.544
560541.0,32,113,560561.544,20.544
560596.0,22,113,560616.544,20.544
560625.8483288022,34,102,560646.3923288021,20.544
560667.6655818439,45,106,560688.2095818439,20.544
560727.394898339,12,113,560747.9388983389,20.544
560890.0,41,113,560910.544,20.544
561086.0,5,113,561106.544,20.544
561118.0,14,113,561138.544,20.544
561189.0,18,113,561209.544,20.544
561393.0,2,113,561413.544,20.544
561439.0,49,113,561459.544,20.544
561614.0,17,113,561634.544,20.544
562058.0,20,113,562078.544,20.544
562084.0,31,113,562104.544,20.544
562376.0,10,113,562396.544,20.544
562418.0,9,113,562438.544,20.544
562518.0,28,110,562538.544,20.544
562549.1124902775,7,109,562569.6564902775,20.544
562614.0,26,113,562634.544,20.544
562650.7114618606,25,113,562671.2554618606,20.544
562685.0,11,113,562705.544,20.544
562815.0,35,113,562835.544,20.544
562868.0,40,113,562888.544,20.544
562928.2540376987,37,108,562948.7980376987,20.544
562964.9513812202,27,113,562985.4953812202,20.544
563062.0,43,113,563082.544,20.544
563138.0,38,113,563158.544,20.544
563239.0,6,113,563259.544,20.544
563340.0,3,113,563360.544,20.544
563369.0,42,112,563389.544,20.544
563411.0974270682,19,109,563431.6414270682,20.544
563563.0,36,113,563583.544,20.544
563597.0,13,113,563617.544,20.544
563660.0,23,113,563680.544,20.544
563782.0,15,113,563802.544,20.544
563886.0,30,113,563906.544,20.544
564048.0,0,113,564068.544,20.544
564238.0,21,113,564258.544,20.544
564304.0,16,113,564324.544,20.544
564334.2984862558,33,113,564354.8424862558,20.544
564519.0,47,113,564539.544,20.544
564647.0,4,113,564667.544,20.544
564809.0,8,113,564829.544,20.544
564839.0,44,113,564859.544,20.544
564881.0,29,113,564901.544,20.544
565224.0,39,114,565244.544,20.544
565270.0,1,114,565290.544,20.544
565356.0,48,114,565376.544,20.544
565438.0,24,114,565458.544,20.544
565541.0,32,114,565561.544,20.544
565596.0,22,114,565616.544,20.544
565633.5566480752,34,103,565654.1006480752,20.544
565681.0,12,114,565701.544,20.544
565709.154621959,45,107,565729.698621959,20.544
565890.0,41,114,565910.544,20.544
566086.0,5,114,566106.544,20.544
566118.0,14,114,566138.544,20.544
566189.0,18,114,566209.544,20.544
566393.0,2,114,566413.544,20.544
566439.0,49,114,566459.544,20.544
566614.0,17,114,566634.544,20.544
567058.0,20,114,567078.544,20.544
567084.0,31,114,567104.544,20.544
567376.0,10,114,567396.544,20.544
567418.0,9,114,567438.544,20.544
567518.0,28,111,567538.544,20.544
567567.9014753867,7,110,567588.4454753867,20.544
567614.0,26,114,567634.544,20.544
567647.7148362356,25,114,567668.2588362356,20.544
567685.0,11,114,567705.544,20.544
567815.0,35,114,567835.544,20.544
567868.0,40,114,567888.544,20.544
567919.4569431245,37,109,567940.0009431245,20.544
567949.0,27,114,567969.544,20.544
568062.0,43,114,568082.544,20.544
568138.0,38,114,568158.544,20.544
568239.0,6,114,568259.544,20.544
568340.0,3,114,568360.544,20.544
568369.0,42,113,568389.544,20.544
568485.4822278816,19,110,568506.0262278815,20.544
568563.0,36,114,568583.544,20.544
568597.0,13,114,568617.544,20.544
568660.0,23,114,568680.544,20.544
568782.0,15,114,568802.544,20.544
568886.0,30,114,568906.544,20.544
569048.0,0,114,569068.544,20.544
569238.0,21,114,569258.544,20.544
569304.0,16,114,569324.544,20.544
569366.237442193,33,114,569386.781442193,20.544
569519.0,47,114,569539.544,20.544
569647.0,4,114,569667.544,20.544
569809.0,8,114,569829.544,20.544
569839.0,44,114,569859.544,20.544
569881.0,29,114,569901.544,20.544
570224.0,39,115,570244.544,20.544
570270.0,1,115,570290.544,20.544
570356.0,48,115,570376.544,20.544
570438.0,24,115,570458.544,20.544
570541.0,32,115,570561.544,20.544
570596.0,22,115,570616.544,20.544
570622.8596370873,34,104,570643.4036370873,20.544
570681.0,12,115,570701.544,20.544
570890.0,41,115,570910.544,20.544
571086.0,5,115,571106.544,20.544
571118.0,14,115,571138.544,20.544
571189.0,18,115,571209.544,20.544
571393.0,2,115,571413.544,20.544
571439.0,49,115,571459.544,20.544
571614.0,17,115,571634.544,20.544
572058.0,20,115,572078.544,20.544
572084.0,31,115,572104.544,20.544
572376.0,10,115,572396.544,20.544
572406.2407970644,46,100,572426.7847970644,20.544
572435.6134109255,9,115,572456.1574109255,20.544
572518.0,28,112,572538.544,20.544
572560.235593865,7,111,572580.779593865,20.544
572614.0,26,115,572634.544,20.544
572655.1076967478,25,115,572675.6516967478,20.544
572685.0,11,115,572705.544,20.544
572815.0,35,115,572835.544,20.544
572868.0,40,115,572888.544,20.544
572915.419351286,37,110,572935.963351286,20.544
572949.0,27,115,572969.544,20.544
573062.0,43,115,573082.544,20.544
573138.0,38,115,573158.544,20.544
573239.0,6,115,573259.544,20.544
573340.0,3,115,573360.544,20.544
573369.0,42,114,573389.544,20.544
573416.1919423974,19,111,573436.7359423974,20.544
573563.0,36,115,573583.544,20.544
573597.0,13,115,573617.544,20.544
573660.0,23,115,573680.544,20.544
573782.0,15,115,573802.544,20.544
573886.0,30,115,573906.544,20.544
574048.0,0,115,574068.544,20.544
574238.0,21,115,574258.544,20.544
574304.0,16,115,574324.544,20.544
574341.7895403885,33,115,574362.3335403885,20.544
574519.0,47,115,574539.544,20.544
574647.0,4,115,574667.544,20.544
574809.0,8,115,574829.544,20.544
574839.0,44,115,574859.544,20.544
574881.0,29,115,574901.544,20.544
575224.0,39,116,575244.544,20.544
575270.0,1,116,575290.544,20.544
575356.0,48,116,575376.544,20.544
575438.0,24,116,575458.544,20.544
575541.0,32,116,575561.544,20.544
575596.0,22,116,575616.544,20.544
575633.561335468,34,105,575654.105335468,20.544
575681.0,12,116,575701.544,20.544
575762.7928762852,45,108,575783.3368762851,20.544
575890.0,41,116,575910.544,20.544
576086.0,5,116,576106.544,20.544
576118.0,14,116,576138.544,20.544
576189.0,18,116,576209.544,20.544
576393.0,2,116,576413.544,20.544
576439.0,49,116,576459.544,20.544
576614.0,17,116,576634.544,20.544
577058.0,20,116,577078.544,20.544
577084.0,31,116,577104.544,20.544
577376.0,10,116,577396.544,20.544
577418.0,9,116,577438.544,20.544
577483.7697157766,46,101,577504.3137157765,20.544
577518.0,28,113,577538.544,20.544
577559.3017241949,7,112,577579.8457241949,20.544
577614.0,26,116,577634.544,20.544
577641.2006902938,25,116,577661.7446902938,20.544
577685.0,11,116,577705.544,20.544
577815.0,35,116,577835.544,20.544
577868.0,40,116,577888.544,20.544
577899.5827993972,37,111,577920.1267993972,20.544
577949.0,27,116,577969.544,20.544
578062.0,43,116,578082.544,20.544
578138.0,38,116,578158.544,20.544
578239.0,6,116,578259.544,20.544
578340.0,3,116,578360.544,20.544
578369.0,42,115,578389.544,20.544
578474.547940645,19,112,578495.091940645,20.544
578563.0,36,116,578583.544,20.544
578597.0,13,116,578617.544,20.544
578660.0,23,116,578680.544,20.544
578782.0,15,116,578802.544,20.544
578886.0,30,116,578906.544,20.544
579048.0,0,116,579068.544,20.544
579238.0,21,116,579258.544,20.544
579304.0,16,116,579324.544,20.544
579354.3836358949,33,116,579374.9276358949,20.544
579519.0,47,116,579539.544,20.544
579647.0,4,116,579667.544,20.544
579809.0,8,116,579829.544,20.544
579839.0,44,116,579859.544,20.544
579881.0,29,116,579901.544,20.544
580224.0,39,117,580244.544,20.544
580270.0,1,117,580290.544,20.544
580356.0,48,117,580376.544,20.544
580438.0,24,117,580458.544,20.544
580541.0,32,117,580561.544,20.544
580596.0,22,117,580616.544,20.544
580628.9380792846,34,106,580649.4820792846,20.544
580657.2019110761,45,109,580677.7459110761,20.544
580689.1941062991,12,117,580709.7381062991,20.544
580890.0,41,117,580910.544,20.544
581086.0,5,117,581106.544,20.544
581118.0,14,117,581138.544,20.544
581189.0,18,117,581209.544,20.544
581393.0,2,117,581413.544,20.544
581439.0,49,117,581459.544,20.544
581614.0,17,117,581634.544,20.544
582058.0,20,117,582078.544,20.544
582084.0,31,117,582104.544,20.544
582376.0,10,117,582396.544,20.544
582418.0,9,117,582438.544,20.544
582518.0,28,114,582538.544,20.544
582574.4156393359,7,113,582594.9596393359,20.544
582614.0,26,117,582634.544,20.544
582648.6563775205,25,117,582669.2003775205,20.544
582685.0,11,117,582705.544,20.544
582815.0,35,117,582835.544,20.544
582868.0,40,117,582888.544,20.544
582903.078755535,37,112,582923.622755535,20.544
582949.0,27,117,582969.544,20.544
583062.0,43,117,583082.544,20.544
583138.0,38,117,583158.544,20.544
583239.0,6,117,583259.544,20.544
583340.0,3,117,583360.544,20.544
583369.0,42,116,583389.544,20.544
583401.6929489928,19,113,583422.2369489928,20.544
583563.0,36,117,583583.544,20.544
583597.0,13,117,583617.544,20.544
583660.0,23,117,583680.544,20.544
583782.0,15,117,583802.544,20.544
583886.0,30,117,583906.544,20.544
584048.0,0,117,584068.544,20.544
584238.0,21,117,584258.544,20.544
584304.0,16,117,584324.544,20.544
584355.9452488109,33,117,584376.4892488109,20.544
584519.0,47,117,584539.544,20.544
584647.0,4,117,584667.544,20.544
584809.0,8,117,584829.544,20.544
584839.0,44,117,584859.544,20.544
584881.0,29,117,584901.544,20.544
585224.0,39,118,585244.544,20.544
585270.0,1,118,585290.544,20.544
585356.0,48,118,585376.544,20.544
585438.0,24,118,585458.544,20.544
585541.0,32,118,585561.544,20.544
585596.0,22,118,585616.544,20.544
585631.9330752081,34,107,585652.4770752081,20.544
585681.0,12,118,585701.544,20.544
585735.5463212015,45,110,585756.0903212015,20.544
585890.0,41,118,585910.544,20.544
586086.0,5,118,586106.544,20.544
586118.0,14,118,586138.544,20.544
586189.0,18,118,586209.544,20.544
586393.0,2,118,586413.544,20.544
586439.0,49,118,586459.544,20.544
586614.0,17,118,586634.544,20.544
587058.0,20,118,587078.544,20.544
587084.0,31,118,587104.544,20.544
587376.0,10,118,587396.544,20.544
587404.4378059575,46,102,587424.9818059575,20.544
587430.6467098608,9,118,587451.1907098608,20.544
587518.0,28,115,587538.544,20.544
587549.7203391541,7,114,587570.2643391541,20.544
587614.0,26,118,587634.544,20.544
587653.1590331877,25,118,587673.7030331877,20.544
587685.0,11,118,587705.544,20.544
587815.0,35,118,587835.544,20.544
587868.0,40,118,587888.544,20.544
587932.8927306412,37,113,587953.4367306412,20.544
587970.4971996954,27,118,587991.0411996954,20.544
588062.0,43,118,588082.544,20.544
588138.0,38,118,588158.544,20.544
588239.0,6,118,588259.544,20.544
588340.0,3,118,588360.544,20.544
588369.0,42,117,588389.544,20.544
588484.6955632089,19,114,588505.2395632089,20.544
588563.0,36,118,588583.544,20.544
588597.0,13,118,588617.544,20.544
588660.0,23,118,588680.544,20.544
588782.0,15,118,588802.544,20.544
588886.0,30,118,588906.544,20.544
589048.0,0,118,589068.544,20.544
589238.0,21,118,589258.544,20.544
589304.0,16,118,589324.544,20.544
589336.1011700985,33,118,589356.6451700985,20.544
589519.0,47,118,589539.544,20.544
589647.0,4,118,589667.544,20.544
589809.0,8,118,589829.544,20.544
589839.0,44,118,589859.544,20.544
589881.0,29,118,589901.544,20.544
590224.0,39,119,590244.544,20.544
590270.0,1,119,590290.544,20.544
590356.0,48,119,590376.544,20.544
590438.0,24,119,590458.544,20.544
590541.0,32,119,590561.544,20.544
590596.0,22,119,590616.544,20.544
590635.0,45,111,590655.544,20.544
590664.3045269172,34,108,590684.8485269172,20.544
590705.5482698168,12,119,590726.0922698168,20.544
590890.0,41,119,590910.544,20.544
591086.0,5,119,591106.544,20.544
591118.0,14,119,591138.544,20.544
591189.0,18,119,591209.544,20.544
591393.0,2,119,591413.544,20.544
591439.0,49,119,591459.544,20.544
591614.0,17,119,591634.544,20.544
592058.0,20,119,592078.544,20.544
592084.0,31,119,592104.544,20.544
592376.0,10,119,592396.544,20.544
592418.0,9,119,592438.544,20.544
592469.927138668,46,103,592490.471138668,20.544
592518.0,28,116,592538.544,20.544
592594.8850123128,7,115,592615.4290123128,20.544
592636.0,25,119,592656.544,20.544
592685.0,11,119,592705.544,20.544
592755.4643662458,26,119,592776.0083662458,20.544
592815.0,35,119,592835.544,20.544
592868.0,40,119,592888.544,20.544
592898.0589686378,37,114,592918.6029686378,20.544
592949.0,27,119,592969.544,20.544
593062.0,43,119,593082.544,20.544
593138.0,38,119,593158.544,20.544
593239.0,6,119,593259.544,20.544
593340.0,3,119,593360.544,20.544
593369.0,42,118,593389.544,20.544
593398.6838481285,19,115,593419.2278481285,20.544
593563.0,36,119,593583.544,20.544
593597.0,13,119,593617.544,20.544
593660.0,23,119,593680.544,20.544
593782.0,15,119,593802.544,20.544
593886.0,30,119,593906.544,20.544
594048.0,0,119,594068.544,20.544
594238.0,21,119,594258.544,20.544
594304.0,16,119,594324.544,20.544
594331.6001338242,33,119,594352.1441338242,20.544
594519.0,47,119,594539.544,20.544
594647.0,4,119,594667.544,20.544
594809.0,8,119,594829.544,20.544
594839.0,44,119,594859.544,20.544
594881.0,29,119,594901.544,20.544
595224.0,39,120,595244.544,20.544
595270.0,1,120,595290.544,20.544
595356.0,48,120,595376.544,20.544
595438.0,24,120,595458.544,20.544
595541.0,32,120,595561.544,20.544
595596.0,22,120,595616.544,20.544
595635.0,45,112,595655.544,20.544
595681.0,12,120,595701.544,20.544
595729.6020808317,34,109,595750.1460808316,20.544
595890.0,41,120,595910.544,20.544
596086.0,5,120,596106.544,20.544
596118.0,14,120,596138.544,20.544
596189.0,18,120,596209.544,20.544
596393.0,2,120,596413.544,20.544
596439.0,49,120,596459.544,20.544
596614.0,17,120,596634.544,20.544
597058.0,20,120,597078.544,20.544
597084.0,31,120,597104.544,20.544
597376.0,10,120,597396.544,20.544
597402.7351033989,46,104,597423.2791033989,20.544
597441.6032976802,9,120,597462.1472976801,20.544
597518.0,28,117,597538.544,20.544
597551.2849736607,7,116,597571.8289736607,20.544
597614.0,26,120,597634.544,20.544
597660.9672045372,25,120,597681.5112045372,20.544
597693.4982044867,11,120,597714.0422044867,20.544
597815.0,35,120,597835.544,20.544
597868.0,40,120,597888.544,20.544
597896.6333249159,37,115,597917.1773249159,20.544
597949.0,27,120,597969.544,20.544
598062.0,43,120,598082.544,20.544
598138.0,38,120,598158.544,20.544
598239.0,6,120,598259.544,20.544
598340.0,3,120,598360.544,20.544
598369.0,42,119,598389.544,20.544
598445.6247749276,19,116,598466.1687749276,20.544
598563.0,36,120,598583.544,20.544
598597.0,13,120,598617.544,20.544
598660.0,23,120,598680.544,20.544
598782.0,15,120,598802.544,20.544
598886.0,30,120,598906.544,20.544
599048.0,0,120,599068.544,20.544
599238.0,21,120,599258.544,20.544
599304.0,16,120,599324.544,20.544
599339.7400713032,33,120,599360.2840713032,20.544
599519.0,47,120,599539.544,20.544
599647.0,4,120,599667.544,20.544
599809.0,8,120,599829.544,20.544
599839.0,44,120,599859.544,20.544
599881.0,29,120,599901.544,20.544
600224.0,39,121,600244.544,20.544
600270.0,1,121,600290.544,20.544
600356.0,48,121,600376.544,20.544
600438.0,24,121,600458.544,20.544
600541.0,32,121,600561.544,20.544
600596.0,22,121,600616.544,20.544
600629.6989626918,34,110,600650.2429626918,20.544
600672.9762622842,45,113,600693.5202622842,20.544
600701.5280048797,12,121,600722.0720048797,20.544
600890.0,41,121,600910.544,20.544
601086.0,5,121,601106.544,20.544
601118.0,14,121,601138.544,20.544
601189.0,18,121,601209.544,20.544
601393.0,2,121,601413.544,20.544
601439.0,49,121,601459.544,20.544
601614.0,17,121,601634.544,20.544
602058.0,20,121,602078.544,20.544
602084.0,31,121,602104.544,20.544
602376.0,10,121,602396.544,20.544
602418.0,9,121,602438.544,20.544
602447.4364801958,46,105,602467.9804801958,20.544
602518.0,28,118,602538.544,20.544
602574.4128549047,7,117,602594.9568549047,20.544
602614.0,26,121,602634.544,20.544
602642.4138219323,25,121,602662.9578219323,20.544
602685.0,11,121,602705.544,20.544
602815.0,35,121,602835.544,20.544
602868.0,40,121,602888.544,20.544
602894.9860263024,37,116,602915.5300263024,20.544
602949.0,27,121,602969.544,20.544
603062.0,43,121,603082.544,20.544
603138.0,38,121,603158.544,20.544
603239.0,6,121,603259.544,20.544
603340.0,3,121,603360.544,20.544
603369.0,42,120,603389.544,20.544
603406.1114347462,19,117,603426.6554347462,20.544
603563.0,36,121,603583.544,20.544
603597.0,13,121,603617.544,20.544
603660.0,23,121,603680.544,20.544
603782.0,15,121,603802.544,20.544
603886.0,30,121,603906.544,20.544
604048.0,0,121,604068.544,20.544
604238.0,21,121,604258.544,20.544
604304.0,16,121,604324.544,20.544
604354.2345268568,33,121,604374.7785268568,20.544
604519.0,47,121,604539.544,20.544
604647.0,4,121,604667.544,20.544
604809.0,8,121,604829.544,20.544
604839.0,44,121,604859.544,20.544
604881.0,29,121,604901.544,20.544
605224.0,39,122,605244.544,20.544
605270.0,1,122,605290.544,20.544
605356.0,48,122,605376.544,20.544
605438.0,24,122,605458.544,20.544
605541.0,32,122,605561.544,20.544
605596.0,22,122,605616.544,20.544
605629.4632665069,34,111,605650.0072665069,20.544
605657.2738844565,45,114,605677.8178844565,20.544
605687.0349326321,12,122,605707.5789326321,20.544
605890.0,41,122,605910.544,20.544
606086.0,5,122,606106.544,20.544
606118.0,14,122,606138.544,20.544
606189.0,18,122,606209.544,20.544
606393.0,2,122,606413.544,20.544
606439.0,49,122,606459.544,20.544
606614.0,17,122,606634.544,20.544
607058.0,20,122,607078.544,20.544
607084.0,31,122,607104.544,20.544
607376.0,10,122,607396.544,20.544
607404.9402179404,46,106,607425.4842179404,20.544
607437.3129115856,9,122,607457.8569115855,20.544
607518.0,28,119,607538.544,20.544
607549.5262844372,7,118,607570.0702844372,20.544
607614.0,26,122,607634.544,20.544
607653.250700662,25,122,607673.794700662,20.544
607685.0,11,122,607705.544,20.544
607815.0,35,122,607835.544,20.544
607868.0,40,122,607888.544,20.544
607893.9849510525,37,117,607914.5289510525,20.544
607949.0,27,122,607969.544,20.544
608062.0,43,122,608082.544,20.544
608138.0,38,122,608158.544,20.544
608239.0,6,122,608259.544,20.544
608340.0,3,122,608360.544,20.544
608369.0,42,121,608389.544,20.544
608406.5764558802,19,118,608427.1204558802,20.544
608563.0,36,122,608583.544,20.544
608597.0,13,122,608617.544,20.544
608660.0,23,122,608680.544,20.544
608782.0,15,122,608802.544,20.544
608886.0,30,122,608906.544,20.544
609048.0,0,122,609068.544,20.544
609238.0,21,122,609258.544,20.544
609304.0,16,122,609324.544,20.544
609353.9136599298,33,122,609374.4576599298,20.544
609519.0,47,122,609539.544,20.544
609647.0,4,122,609667.544,20.544
609809.0,8,122,609829.544,20.544
609839.0,44,122,609859.544,20.544
609881.0,29,122,609901.544,20.544
610224.0,39,123,610244.544,20.544
610270.0,1,123,610290.544,20.544
610356.0,48,123,610376.544,20.544
610438.0,24,123,610458.544,20.544
610541.0,32,123,610561.544,20.544
610596.0,22,123,610616.544,20.544
610635.0,45,115,610655.544,20.544
610664.0942245274,34,112,610684.6382245274,20.544
610719.4321572105,12,123,610739.9761572105,20.544
610890.0,41,123,610910.544,20.544
611086.0,5,123,611106.544,20.544
611118.0,14,123,611138.544,20.544
611189.0,18,123,611209.544,20.544
611393.0,2,123,611413.544,20.544
611439.0,49,123,611459.544,20.544
611614.0,17,123,611634.544,20.544
612058.0,20,123,612078.544,20.544
612084.0,31,123,612104.544,20.544
612376.0,10,123,612396.544,20.544
612403.4520033514,46,107,612423.9960033514,20.544
612462.985136574,9,123,612483.529136574,20.544
612518.0,28,120,612538.544,20.544
612544.3740444231,7,119,612564.9180444231,20.544
612614.0,26,123,612634.544,20.544
612645.3388813747,25,123,612665.8828813747,20.544
612685.0,11,123,612705.544,20.544
612815.0,35,123,612835.544,20.544
612868.0,40,123,612888.544,20.544
612949.0,27,123,612969.544,20.544
613062.0,43,123,613082.544,20.544
613138.0,38,123,613158.544,20.544
613239.0,6,123,613259.544,20.544
613340.0,3,123,613360.544,20.544
613369.0,42,122,613389.544,20.544
613398.6590137493,19,119,613419.2030137493,20.544
613563.0,36,123,613583.544,20.544
613597.0,13,123,613617.544,20.544
613660.0,23,123,613680.544,20.544
613782.0,15,123,613802.544,20.544
613886.0,30,123,613906.544,20.544
614048.0,0,123,614068.544,20.544
614238.0,21,123,614258.544,20.544
614304.0,16,123,614324.544,20.544
614335.8456039346,33,123,614356.3896039346,20.544
614519.0,47,123,614539.544,20.544
614647.0,4,123,614667.544,20.544
614809.0,8,123,614829.544,20.544
614839.0,44,123,614859.544,20.544
614881.0,29,123,614901.544,20.544
615224.0,39,124,615244.544,20.544
615270.0,1,124,615290.544,20.544
615356.0,48,124,615376.544,20.544
615438.0,24,124,615458.544,20.544
615541.0,32,124,615561.544,20.544
615596.0,22,124,615616.544,20.544
615626.8054528662,34,113,615647.3494528662,20.544
615656.8987603234,45,116,615677.4427603234,20.544
615684.0707653951,12,124,615704.6147653951,20.544
615890.0,41,124,615910.544,20.544
616086.0,5,124,616106.544,20.544
616118.0,14,124,616138.544,20.544
616189.0,18,124,616209.544,20.544
616393.0,2,124,616413.544,20.544
616439.0,49,124,616459.544,20.544
616614.0,17,124,616634.544,20.544
617058.0,20,124,617078.544,20.544
617084.0,31,124,617104.544,20.544
617376.0,10,124,617396.544,20.544
617418.0,9,124,617438.544,20.544
617518.0,28,121,617538.544,20.544
617553.3898543412,7,120,617573.9338543412,20.544
617614.0,26,124,617634.544,20.544
617653.6218419834,25,124,617674.1658419834,20.544
617685.0,11,124,617705.544,20.544
617815.0,35,124,617835.544,20.544
617868.0,40,124,617888.544,20.544
617895.6262991899,37,118,617916.1702991899,20.544
617949.0,27,124,617969.544,20.544
618062.0,43,124,618082.544,20.544
618138.0,38,124,618158.544,20.544
618239.0,6,124,618259.544,20.544
618340.0,3,124,618360.544,20.544
618367.054043234,19,120,618387.598043234,20.544
618392.9604116887,42,123,618413.5044116887,20.544
618563.0,36,124,618583.544,20.544
618597.0,13,124,618617.544,20.544
618660.0,23,124,618680.544,20.544
618782.0,15,124,618802.544,20.544
618886.0,30,124,618906.544,20.544
619048.0,0,124,619068.544,20.544
619238.0,21,124,619258.544,20.544
619304.0,16,124,619324.544,20.544
619333.3543677108,33,124,619353.8983677108,20.544
619519.0,47,124,619539.544,20.544
619647.0,4,124,619667.544,20.544
619809.0,8,124,619829.544,20.544
619839.0,44,124,619859.544,20.544
619881.0,29,124,619901.544,20.544
620224.0,39,125,620244.544,20.544
620270.0,1,125,620290.544,20.544
620356.0,48,125,620376.544,20.544
620438.0,24,125,620458.544,20.544
620541.0,32,125,620561.544,20.544
620596.0,22,125,620616.544,20.544
620621.6107890852,34,114,620642.1547890852,20.544
620675.2681128859,45,117,620695.8121128859,20.544
620748.7917715282,12,125,620769.3357715282,20.544
620890.0,41,125,620910.544,20.544
621086.0,5,125,621106.544,20.544
621118.0,14,125,621138.544,20.544
621189.0,18,125,621209.544,20.544
621393.0,2,125,621413.544,20.544
621439.0,49,125,621459.544,20.544
621614.0,17,125,621634.544,20.544
622058.0,20,125,622078.544,20.544
622084.0,31,125,622104.544,20.544
622376.0,10,125,622396.544,20.544
622403.6304679061,46,108,622424.1744679061,20.544
622518.0,28,122,622538.544,20.544
622549.1490706805,7,121,622569.6930706805,20.544
622614.0,26,125,622634.544,20.544
622659.5872711664,25,125,622680.1312711664,20.544
622692.0583177176,11,125,622712.6023177176,20.544
622815.0,35,125,622835.544,20.544
622868.0,40,125,622888.544,20.544
622931.9517355427,37,119,622952.4957355427,20.544
622961.4436861342,27,125,622981.9876861342,20.544
623062.0,43,125,623082.544,20.544
623138.0,38,125,623158.544,20.544
623239.0,6,125,623259.544,20.544
623340.0,3,125,623360.544,20.544
623368.4779090959,19,121,623389.0219090959,20.544
623459.2541230186,42,124,623479.7981230186,20.544
623563.0,36,125,623583.544,20.544
623597.0,13,125,623617.544,20.544
623660.0,23,125,623680.544,20.544
623782.0,15,125,623802.544,20.544
623886.0,30,125,623906.544,20.544
624048.0,0,125,624068.544,20.544
624238.0,21,125,624258.544,20.544
624304.0,16,125,624324.544,20.544
624364.5088380849,33,125,624385.0528380849,20.544
624519.0,47,125,624539.544,20.544
624647.0,4,125,624667.544,20.544
624809.0,8,125,624829.544,20.544
624839.0,44,125,624859.544,20.544
624881.0,29,125,624901.544,20.544
625224.0,39,126,625244.544,20.544
625270.0,1,126,625290.544,20.544
625356.0,48,126,625376.544,20.544
625438.0,24,126,625458.544,20.544
625541.0,32,126,625561.544,20.544
625596.0,22,126,625616.544,20.544
625632.8900649779,34,115,625653.4340649779,20.544
625679.1034251878,45,118,625699.6474251878,20.544
625719.4326918664,12,126,625739.9766918664,20.544
625890.0,41,126,625910.544,20.544
626086.0,5,126,626106.544,20.544
626118.0,14,126,626138.544,20.544
626189.0,18,126,626209.544,20.544
626393.0,2,126,626413.544,20.544
626439.0,49,126,626459.544,20.544
626614.0,17,126,626634.544,20.544
627058.0,20,126,627078.544,20.544
627084.0,31,126,627104.544,20.544
627376.0,10,126,627396.544,20.544
627404.2482262854,46,109,627424.7922262854,20.544
627441.3084490885,9,125,627461.8524490885,20.544
627518.0,28,123,627538.544,20.544
627548.9578809836,7,122,627569.5018809836,20.544
627614.0,26,126,627634.544,20.544
627649.373525365,25,126,627669.917525365,20.544
627685.0,11,126,627705.544,20.544
627815.0,35,126,627835.544,20.544
627868.0,40,126,627888.544,20.544
627896.823016565,37,120,627917.3670165649,20.544
627949.0,27,126,627969.544,20.544
628062.0,43,126,628082.544,20.544
628138.0,38,126,628158.544,20.544
628239.0,6,126,628259.544,20.544
628340.0,3,126,628360.544,20.544
628369.0,42,125,628389.544,20.544
628396.2693633268,19,122,628416.8133633268,20.544
628563.0,36,126,628583.544,20.544
628597.0,13,126,628617.544,20.544
628660.0,23,126,628680.544,20.544
628782.0,15,126,628802.544,20.544
628886.0,30,126,628906.544,20.544
629048.0,0,126,629068.544,20.544
629238.0,21,126,629258.544,20.544
629304.0,16,126,629324.544,20.544
629340.2213892778,33,126,629360.7653892778,20.544
629519.0,47,126,629539.544,20.544
629647.0,4,126,629667.544,20.544
629809.0,8,126,629829.544,20.544
629839.0,44,126,629859.544,20.544
629881.0,29,126,629901.544,20.544
630224.0,39,127,630244.544,20.544
630270.0,1,127,630290.544,20.544
630356.0,48,127,630376.544,20.544
630438.0,24,127,630458.544,20.544
630541.0,32,127,630561.544,20.544
630596.0,22,127,630616.544,20.544
630631.0661550079,34,116,630651.6101550079,20.544
630677.4069770556,45,119,630697.9509770556,20.544
630727.486063118,12,127,630748.030063118,20.544
630890.0,41,127,630910.544,20.544
631086.0,5,127,631106.544,20.544
631118.0,14,127,631138.544,20.544
631189.0,18,127,631209.544,20.544
631393.0,2,127,631413.544,20.544
631439.0,49,127,631459.544,20.544
631614.0,17,127,631634.544,20.544
632058.0,20,127,632078.544,20.544
632084.0,31,127,632104.544,20.544
632376.0,10,127,632396.544,20.544
632418.0,9,126,632438.544,20.544
632505.1749694183,46,110,632525.7189694183,20.544
632539.5784684779,28,124,632560.1224684779,20.544
632565.2013069467,7,123,632585.7453069467,20.544
632614.0,26,127,632634.544,20.544
632644.999573605,25,127,632665.543573605,20.544
632685.0,11,127,632705.544,20.544
632815.0,35,127,632835.544,20.544
632868.0,40,127,632888.544,20.544
632894.2057898047,37,121,632914.7497898047,20.544
632949.0,27,127,632969.544,20.544
633062.0,43,127,633082.544,20.544
633138.0,38,127,633158.544,20.544
633239.0,6,127,633259.544,20.544
633340.0,3,127,633360.544,20.544
633369.0,42,126,633389.544,20.544
633563.0,36,127,633583.544,20.544
633597.0,13,127,633617.544,20.544
633660.0,23,127,633680.544,20.544
633782.0,15,127,633802.544,20.544
633886.0,30,127,633906.544,20.544
634048.0,0,127,634068.544,20.544
634238.0,21,127,634258.544,20.544
634304.0,16,127,634324.544,20.544
634344.3310324379,33,127,634364.8750324378,20.544
634519.0,47,127,634539.544,20.544
634647.0,4,127,634667.544,20.544
634809.0,8,127,634829.544,20.544
634839.0,44,127,634859.544,20.544
634881.0,29,127,634901.544,20.544
635224.0,39,128,635244.544,20.544
635270.0,1,128,635290.544,20.544
635356.0,48,128,635376.544,20.544
635438.0,24,128,635458.544,20.544
635541.0,32,128,635561.544,20.544
635596.0,22,128,635616.544,20.544
635630.5605019431,34,117,635651.1045019431,20.544
635681.0,12,128,635701.544,20.544
635890.0,41,128,635910.544,20.544
636086.0,5,128,636106.544,20.544
636118.0,14,128,636138.544,20.544
636189.0,18,128,636209.544,20.544
636393.0,2,128,636413.544,20.544
636439.0,49,128,636459.544,20.544
636614.0,17,128,636634.544,20.544
637058.0,20,128,637078.544,20.544
637084.0,31,128,637104.544,20.544
637376.0,10,128,637396.544,20.544
637418.0,9,127,637438.544,20.544
637463.365819022,46,111,637483.9098190219,20.544
637518.0,28,125,637538.544,20.544
637571.6198482332,7,124,637592.1638482332,20.544
637614.0,26,128,637634.544,20.544
637658.9080494277,25,128,637679.4520494277,20.544
637685.0,11,128,637705.544,20.544
637815.0,35,128,637835.544,20.544
637868.0,40,128,637888.544,20.544
637935.2189660455,37,122,637955.7629660455,20.544
637972.0802752367,27,128,637992.6242752367,20.544
638062.0,43,128,638082.544,20.544
638138.0,38,128,638158.544,20.544
638239.0,6,128,638259.544,20.544
638340.0,3,128,638360.544,20.544
638369.0,42,127,638389.544,20.544
638425.3414228988,19,123,638445.8854228988,20.544
638563.0,36,128,638583.544,20.544
638597.0,13,128,638617.544,20.544
638660.0,23,128,638680.544,20.544
638782.0,15,128,638802.544,20.544
638886.0,30,128,638906.544,20.544
639048.0,0,128,639068.544,20.544
639238.0,21,128,639258.544,20.544
639304.0,16,128,639324.544,20.544
639335.4612956966,33,128,639356.0052956966,20.544
639519.0,47,128,639539.544,20.544
639647.0,4,128,639667.544,20.544
639809.0,8,128,639829.544,20.544
639839.0,44,128,639859.544,20.544
639881.0,29,128,639901.544,20.544
640224.0,39,129,640244.544,20.544
640270.0,1,129,640290.544,20.544
640356.0,48,129,640376.544,20.544
640438.0,24,129,640458.544,20.544
640541.0,32,129,640561.544,20.544
640596.0,22,129,640616.544,20.544
640629.8960696652,34,118,640650.4400696652,20.544
640679.7923193782,45,120,640700.3363193782,20.544
640731.2702686187,12,129,640751.8142686187,20.544
640890.0,41,129,640910.544,20.544
641086.0,5,129,641106.544,20.544
641118.0,14,129,641138.544,20.544
641189.0,18,129,641209.544,20.544
641393.0,2,129,641413.544,20.544
641439.0,49,129,641459.544,20.544
641614.0,17,129,641634.544,20.544
642058.0,20,129,642078.544,20.544
642084.0,31,129,642104.544,20.544
642376.0,10,129,642396.544,20.544
642406.6806288704,46,112,642427.2246288704,20.544
642471.8559752192,9,128,642492.3999752192,20.544
642518.0,28,126,642538.544,20.544
642545.7551092135,7,125,642566.2991092135,20.544
642614.0,26,129,642634.544,20.544
642653.176305371,25,129,642673.720305371,20.544
642685.0,11,129,642705.544,20.544
642815.0,35,129,642835.544,20.544
642868.0,40,129,642888.544,20.544
642914.3735506329,37,123,642934.9175506328,20.544
642949.0,27,129,642969.544,20.544
643062.0,43,129,643082.544,20.544
643138.0,38,129,643158.544,20.544
643239.0,6,129,643259.544,20.544
643340.0,3,129,643360.544,20.544
643369.0,42,128,643389.544,20.544
643445.3630059792,19,124,643465.9070059792,20.544
643563.0,36,129,643583.544,20.544
643597.0,13,129,643617.544,20.544
643660.0,23,129,643680.544,20.544
643782.0,15,129,643802.544,20.544
643886.0,30,129,643906.544,20.544
644048.0,0,129,644068.544,20.544
644238.0,21,129,644258.544,20.544
644304.0,16,129,644324.544,20.544
644365.0789909839,33,129,644385.6229909839,20.544
644519.0,47,129,644539.544,20.544
644647.0,4,129,644667.544,20.544
644809.0,8,129,644829.544,20.544
644839.0,44,129,644859.544,20.544
644881.0,29,129,644901.544,20.544
645224.0,39,130,645244.544,20.544
645270.0,1,130,645290.544,20.544
645356.0,48,130,645376.544,20.544
645438.0,24,130,645458.544,20.544
645541.0,32,130,645561.544,20.544
645596.0,22,130,645616.544,20.544
645633.8241150477,34,119,645654.3681150477,20.544
645672.887027837,45,121,645693.431027837,20.544
645704.023404955,12,130,645724.567404955,20.544
645890.0,41,130,645910.544,20.544
646086.0,5,130,646106.544,20.544
646118.0,14,130,646138.544,20.544
646189.0,18,130,646209.544,20.544
646393.0,2,130,646413.544,20.544
646439.0,49,130,646459.544,20.544
646614.0,17,130,646634.544,20.544
647058.0,20,130,647078.544,20.544
647084.0,31,130,647104.544,20.544
647376.0,10,130,647396.544,20.544
647418.0,9,129,647438.544,20.544
647518.0,28,127,647538.544,20.544
647560.9282158535,7,126,647581.4722158535,20.544
647614.0,26,130,647634.544,20.544
647643.7240223542,25,130,647664.2680223542,20.544
647685.0,11,130,647705.544,20.544
647815.0,35,130,647835.544,20.544
647868.0,40,130,647888.544,20.544
647911.8579767966,37,124,647932.4019767966,20.544
647949.0,27,130,647969.544,20.544
648062.0,43,130,648082.544,20.544
648138.0,38,130,648158.544,20.544
648239.0,6,130,648259.544,20.544
648340.0,3,130,648360.544,20.544
648369.0,42,129,648389.544,20.544
648451.457110927,19,125,648472.001110927,20.544
648563.0,36,130,648583.544,20.544
648597.0,13,130,648617.544,20.544
648660.0,23,130,648680.544,20.544
648782.0,15,130,648802.544,20.544
648886.0,30,130,648906.544,20.544
649048.0,0,130,649068.544,20.544
649238.0,21,130,649258.544,20.544
649304.0,16,130,649324.544,20.544
649340.432058318,33,130,649360.976058318,20.544
649519.0,47,130,649539.544,20.544
649647.0,4,130,649667.544,20.544
649809.0,8,130,649829.544,20.544
649839.0,44,130,649859.544,20.544
649881.0,29,130,649901.544,20.544
650224.0,39,131,650244.544,20.544
650270.0,1,131,650290.544,20.544
650356.0,48,131,650376.544,20.544
650438.0,24,131,650458.544,20.544
650541.0,32,131,650561.544,20.544
650596.0,22,131,650616.544,20.544
650622.9302162876,34,120,650643.4742162876,20.544
650681.0,12,131,650701.544,20.544
650732.9917736487,45,122,650753.5357736486,20.544
650890.0,41,131,650910.544,20.544
651086.0,5,131,651106.544,20.544
651118.0,14,131,651138.544,20.544
651189.0,18,131,651209.544,20.544
651393.0,2,131,651413.544,20.544
651439.0,49,131,651459.544,20.544
651614.0,17,131,651634.544,20.544
652058.0,20,131,652078.544,20.544
652084.0,31,131,652104.544,20.544
652376.0,10,131,652396.544,20.544
652406.3066293782,46,113,652426.8506293782,20.544
652467.5415064197,9,130,652488.0855064197,20.544
652518.0,28,128,652538.544,20.544
652560.9147407865,7,127,652581.4587407865,20.544
652614.0,26,131,652634.544,20.544
652685.0,11,131,652705.544,20.544
652710.7776978934,25,131,652731.3216978934,20.544
652815.0,35,131,652835.544,20.544
652868.0,40,131,652888.544,20.544
652895.7614293206,37,125,652916.3054293205,20.544
652949.0,27,131,652969.544,20.544
653062.0,43,131,653082.544,20.544
653138.0,38,131,653158.544,20.544
653239.0,6,131,653259.544,20.544
653340.0,3,131,653360.544,20.544
653365.7095522796,19,126,653386.2535522796,20.544
653393.2708646238,42,130,653413.8148646238,20.544
653563.0,36,131,653583.544,20.544
653597.0,13,131,653617.544,20.544
653660.0,23,131,653680.544,20.544
653782.0,15,131,653802.544,20.544
653886.0,30,131,653906.544,20.544
654048.0,0,131,654068.544,20.544
654238.0,21,131,654258.544,20.544
654304.0,16,131,654324.544,20.544
654333.5775879472,33,131,654354.1215879472,20.544
654519.0,47,131,654539.544,20.544
654647.0,4,131,654667.544,20.544
654809.0,8,131,654829.544,20.544
654839.0,44,131,654859.544,20.544
654881.0,29,131,654901.544,20.544
655224.0,39,132,655244.544,20.544
655270.0,1,132,655290.544,20.544
655356.0,48,132,655376.544,20.544
655438.0,24,132,655458.544,20.544
655541.0,32,132,655561.544,20.544
655596.0,22,132,655616.544,20.544
655635.0,45,123,655655.544,20.544
655662.7300800696,34,121,655683.2740800696,20.544
655705.3242753493,12,132,655725.8682753493,20.544
655890.0,41,132,655910.544,20.544
656086.0,5,132,656106.544,20.544
656118.0,14,132,656138.544,20.544
656189.0,18,132,656209.544,20.544
656393.0,2,132,656413.544,20.544
656439.0,49,132,656459.544,20.544
656614.0,17,132,656634.544,20.544
657058.0,20,132,657078.544,20.544
657084.0,31,132,657104.544,20.544
657376.0,10,132,657396.544,20.544
657405.8833695085,46,114,657426.4273695085,20.544
657518.0,28,129,657538.544,20.544
657563.4908104024,7,128,657584.0348104024,20.544
657614.0,26,132,657634.544,20.544
657660.1494150386,25,132,657680.6934150386,20.544
657697.1064909332,11,132,657717.6504909332,20.544
657815.0,35,132,657835.544,20.544
657868.0,40,132,657888.544,20.544
657897.6640900272,37,126,657918.2080900272,20.544
657949.0,27,132,657969.544,20.544
658062.0,43,132,658082.544,20.544
658138.0,38,132,658158.544,20.544
658239.0,6,132,658259.544,20.544
658340.0,3,132,658360.544,20.544
658369.0,42,131,658389.544,20.544
658402.5728178095,19,127,658423.1168178095,20.544
658563.0,36,132,658583.544,20.544
658597.0,13,132,658617.544,20.544
658660.0,23,132,658680.544,20.544
658782.0,15,132,658802.544,20.544
658886.0,30,132,658906.544,20.544
659048.0,0,132,659068.544,20.544
659238.0,21,132,659258.544,20.544
659304.0,16,132,659324.544,20.544
659330.5257087642,33,132,659351.0697087642,20.544
659519.0,47,132,659539.544,20.544
659647.0,4,132,659667.544,20.544
659809.0,8,132,659829.544,20.544
659839.0,44,132,659859.544,20.544
659881.0,29,132,659901.544,20.544
660224.0,39,133,660244.544,20.544
660270.0,1,133,660290.544,20.544
660356.0,48,133,660376.544,20.544
660438.0,24,133,660458.544,20.544
660541.0,32,133,660561.544,20.544
660596.0,22,133,660616.544,20.544
660627.1997869916,34,122,660647.7437869916,20.544
660654.0131446342,45,124,660674.5571446342,20.544
660681.0,12,133,660701.544,20.544
660890.0,41,133,660910.544,20.544
661086.0,5,133,661106.544,20.544
661118.0,14,133,661138.544,20.544
661189.0,18,133,661209.544,20.544
661393.0,2,133,661413.544,20.544
661439.0,49,133,661459.544,20.544
661614.0,17,133,661634.544,20.544
662058.0,20,133,662078.544,20.544
662084.0,31,133,662104.544,20.544
662376.0,10,133,662396.544,20.544
662418.0,9,131,662438.544,20.544
662503.9782475565,46,115,662524.5222475565,20.544
662537.289811635,28,130,662557.833811635,20.544
662590.2214567335,7,129,662610.7654567335,20.544
662626.0246553645,26,133,662646.5686553644,20.544
662669.3577789245,25,133,662689.9017789245,20.544
662696.6005893046,11,133,662717.1445893046,20.544
662815.0,35,133,662835.544,20.544
662868.0,40,133,662888.544,20.544
662896.5965317921,37,127,662917.1405317921,20.544
662949.0,27,133,662969.544,20.544
663062.0,43,133,663082.544,20.544
663138.0,38,133,663158.544,20.544
663239.0,6,133,663259.544,20.544
663340.0,3,133,663360.544,20.544
663367.4038404742,19,128,663387.9478404742,20.544
663436.5828432215,42,132,663457.1268432215,20.544
663563.0,36,133,663583.544,20.544
663597.0,13,133,663617.544,20.544
663660.0,23,133,663680.544,20.544
663782.0,15,133,663802.544,20.544
663886.0,30,133,663906.544,20.544
664048.0,0,133,664068.544,20.544
664238.0,21,133,664258.544,20.544
664304.0,16,133,664324.544,20.544
664343.5399009632,33,133,664364.0839009632,20.544
664519.0,47,133,664539.544,20.544
664647.0,4,133,664667.544,20.544
664809.0,8,133,664829.544,20.544
664839.0,44,133,664859.544,20.544
664881.0,29,133,664901.544,20.544
665224.0,39,134,665244.544,20.544
665270.0,1,134,665290.544,20.544
665356.0,48,134,665376.544,20.544
665438.0,24,134,665458.544,20.544
665541.0,32,134,665561.544,20.544
665596.0,22,134,665616.544,20.544
665635.0,45,125,665655.544,20.544
665681.0,12,134,665701.544,20.544
665890.0,41,134,665910.544,20.544
666086.0,5,134,666106.544,20.544
666118.0,14,134,666138.544,20.544
666189.0,18,134,666209.544,20.544
666393.0,2,134,666413.544,20.544
666439.0,49,134,666459.544,20.544
666614.0,17,134,666634.544,20.544
667058.0,20,134,667078.544,20.544
667084.0,31,134,667104.544,20.544
667376.0,10,134,667396.544,20.544
667403.516017966,46,116,667424.060017966,20.544
667429.5277450084,9,132,667450.0717450083,20.544
667518.0,28,131,667538.544,20.544
667549.1936227452,7,130,667569.7376227452,20.544
667614.0,26,134,667634.544,20.544
667640.1626751593,25,134,667660.7066751593,20.544
667685.0,11,134,667705.544,20.544
667815.0,35,134,667835.544,20.544
667868.0,40,134,667888.544,20.544
667893.724325539,37,128,667914.268325539,20.544
667949.0,27,134,667969.544,20.544
668062.0,43,134,668082.544,20.544
668138.0,38,134,668158.544,20.544
668239.0,6,134,668259.544,20.544
668340.0,3,134,668360.544,20.544
668369.0,42,133,668389.544,20.544
668477.7731007994,19,129,668498.3171007994,20.544
668563.0,36,134,668583.544,20.544
668597.0,13,134,668617.544,20.544
668660.0,23,134,668680.544,20.544
668782.0,15,134,668802.544,20.544
668886.0,30,134,668906.544,20.544
669048.0,0,134,669068.544,20.544
669238.0,21,134,669258.544,20.544
669304.0,16,134,669324.544,20.544
669335.2415449176,33,134,669355.7855449176,20.544
669519.0,47,134,669539.544,20.544
669647.0,4,134,669667.544,20.544
669809.0,8,134,669829.544,20.544
669839.0,44,134,669859.544,20.544
669881.0,29,134,669901.544,20.544
670224.0,39,135,670244.544,20.544
670270.0,1,135,670290.544,20.544
670356.0,48,135,670376.544,20.544
670438.0,24,135,670458.544,20.544
670541.0,32,135,670561.544,20.544
670596.0,22,135,670616.544,20.544
670635.0,45,126,670655.544,20.544
670681.0,12,135,670701.544,20.544
670890.0,41,135,670910.544,20.544
671086.0,5,135,671106.544,20.544
671118.0,14,135,671138.544,20.544
671189.0,18,135,671209.544,20.544
671393.0,2,135,671413.544,20.544
671439.0,49,135,671459.544,20.544
671614.0,17,135,671634.544,20.544
672058.0,20,135,672078.544,20.544
672084.0,31,135,672104.544,20.544
672376.0,10,135,672396.544,20.544
672417.1755326089,46,117,672437.7195326089,20.544
672469.8326168995,9,133,672490.3766168995,20.544
672518.0,28,132,672538.544,20.544
672553.5802450313,7,131,672574.1242450313,20.544
672614.0,26,135,672634.544,20.544
672649.4729098042,25,135,672670.0169098042,20.544
672685.0,11,135,672705.544,20.544
672815.0,35,135,672835.544,20.544
672868.0,40,135,672888.544,20.544
672904.3884686066,37,129,672924.9324686066,20.544
672949.0,27,135,672969.544,20.544
673062.0,43,135,673082.544,20.544
673138.0,38,135,673158.544,20.544
673239.0,6,135,673259.544,20.544
673340.0,3,135,673360.544,20.544
673369.0,42,134,673389.544,20.544
673414.9078878036,19,130,673435.4518878036,20.544
673563.0,36,135,673583.544,20.544
673597.0,13,135,673617.544,20.544
673660.0,23,135,673680.544,20.544
673782.0,15,135,673802.544,20.544
673886.0,30,135,673906.544,20.544
674048.0,0,135,674068.544,20.544
674238.0,21,135,674258.544,20.544
674304.0,16,135,674324.544,20.544
674342.9969732448,33,135,674363.5409732448,20.544
674519.0,47,135,674539.544,20.544
674647.0,4,135,674667.544,20.544
674809.0,8,135,674829.544,20.544
674839.0,44,135,674859.544,20.544
674881.0,29,135,674901.544,20.544
675224.0,39,136,675244.544,20.544
675270.0,1,136,675290.544,20.544
675356.0,48,136,675376.544,20.544
675438.0,24,136,675458.544,20.544
675541.0,32,136,675561.544,20.544
675596.0,22,136,675616.544,20.544
675635.0,45,127,675655.544,20.544
675676.3732918483,34,123,675696.9172918483,20.544
675715.054878933,12,136,675735.598878933,20.544
675890.0,41,136,675910.544,20.544
676086.0,5,136,676106.544,20.544
676118.0,14,136,676138.544,20.544
676189.0,18,136,676209.544,20.544
676393.0,2,136,676413.544,20.544
676439.0,49,136,676459.544,20.544
676614.0,17,136,676634.544,20.544
677058.0,20,136,677078.544,20.544
677084.0,31,136,677104.544,20.544
677376.0,10,136,677396.544,20.544
677418.0,9,134,677438.544,20.544
677455.8204983455,46,118,677476.3644983455,20.544
677518.0,28,133,677538.544,20.544
677555.8575365822,7,132,677576.4015365822,20.544
677614.0,26,136,677634.544,20.544
677652.4090267771,25,136,677672.9530267771,20.544
677685.0,11,136,677705.544,20.544
677815.0,35,136,677835.544,20.544
677868.0,40,136,677888.544,20.544
677929.6258412907,37,130,677950.1698412907,20.544
677973.6629911349,27,136,677994.2069911349,20.544
678062.0,43,136,678082.544,20.544
678138.0,38,136,678158.544,20.544
678239.0,6,136,678259.544,20.544
678340.0,3,136,678360.544,20.544
678369.0,42,135,678389.544,20.544
678464.5473440306,19,131,678485.0913440306,20.544
678563.0,36,136,678583.544,20.544
678597.0,13,136,678617.544,20.544
678660.0,23,136,678680.544,20.544
678782.0,15,136,678802.544,20.544
678886.0,30,136,678906.544,20.544
679048.0,0,136,679068.544,20.544
679238.0,21,136,679258.544,20.544
679304.0,16,136,679324.544,20.544
679340.8543544135,33,136,679361.3983544135,20.544
679519.0,47,136,679539.544,20.544
679647.0,4,136,679667.544,20.544
679809.0,8,136,679829.544,20.544
679839.0,44,136,679859.544,20.544
679881.0,29,136,679901.544,20.544
680224.0,39,137,680244.544,20.544
680270.0,1,137,680290.544,20.544
680356.0,48,137,680376.544,20.544
680438.0,24,137,680458.544,20.544
680541.0,32,137,680561.544,20.544
680596.0,22,137,680616.544,20.544
680630.6175229545,34,124,680651.1615229545,20.544
680671.6755899675,45,128,680692.2195899675,20.544
680727.7976930559,12,137,680748.3416930559,20.544
680890.0,41,137,680910.544,20.544
681086.0,5,137,681106.544,20.544
681118.0,14,137,681138.544,20.544
681189.0,18,137,681209.544,20.544
681393.0,2,137,681413.544,20.544
681439.0,49,137,681459.544,20.544
681614.0,17,137,681634.544,20.544
682058.0,20,137,682078.544,20.544
682084.0,31,137,682104.544,20.544
682376.0,10,137,682396.544,20.544
682418.0,9,135,682438.544,20.544
682452.0652604004,46,119,682472.6092604004,20.544
682518.0,28,134,682538.544,20.544
682547.7358679536,7,133,682568.2798679536,20.544
682614.0,26,137,682634.544,20.544
682641.5092738464,25,137,682662.0532738464,20.544
682685.0,11,137,682705.544,20.544
682815.0,35,137,682835.544,20.544
682868.0,40,137,682888.544,20.544
682896.8970340133,37,131,682917.4410340133,20.544
682949.0,27,137,682969.544,20.544
683062.0,43,137,683082.544,20.544
683138.0,38,137,683158.544,20.544
683239.0,6,137,683259.544,20.544
683340.0,3,137,683360.544,20.544
683369.0,42,136,683389.544,20.544
683398.4956445659,19,132,683419.0396445659,20.544
683563.0,36,137,683583.544,20.544
683597.0,13,137,683617.544,20.544
683660.0,23,137,683680.544,20.544
683782.0,15,137,683802.544,20.544
683886.0,30,137,683906.544,20.544
684048.0,0,137,684068.544,20.544
684238.0,21,137,684258.544,20.544
684304.0,16,137,684324.544,20.544
684416.7925142106,33,137,684437.3365142106,20.544
684519.0,47,137,684539.544,20.544
684647.0,4,137,684667.544,20.544
684809.0,8,137,684829.544,20.544
684839.0,44,137,684859.544,20.544
684881.0,29,137,684901.544,20.544
685224.0,39,138,685244.544,20.544
685270.0,1,138,685290.544,20.544
685356.0,48,138,685376.544,20.544
685438.0,24,138,685458.544,20.544
685541.0,32,138,685561.544,20.544
685596.0,22,138,685616.544,20.544
685631.2456674512,34,125,685651.7896674512,20.544
685681.0,12,138,685701.544,20.544
685750.051721766,45,129,685770.595721766,20.544
685890.0,41,138,685910.544,20.544
686086.0,5,138,686106.544,20.544
686118.0,14,138,686138.544,20.544
686189.0,18,138,686209.544,20.544
686393.0,2,138,686413.544,20.544
686439.0,49,138,686459.544,20.544
686614.0,17,138,686634.544,20.544
687058.0,20,138,687078.544,20.544
687084.0,31,138,687104.544,20.544
687376.0,10,138,687396.544,20.544
687405.3223294354,46,120,687425.8663294354,20.544
687443.0177659824,9,136,687463.5617659824,20.544
687518.0,28,135,687538.544,20.544
687580.4757789421,7,134,687601.0197789421,20.544
687614.0,26,138,687634.544,20.544
687657.9711969022,25,138,687678.5151969022,20.544
687685.0,11,138,687705.544,20.544
687815.0,35,138,687835.544,20.544
687868.0,40,138,687888.544,20.544
687904.653215399,37,132,687925.197215399,20.544
687949.0,27,138,687969.544,20.544
688062.0,43,138,688082.544,20.544
688138.0,38,138,688158.544,20.544
688239.0,6,138,688259.544,20.544
688340.0,3,138,688360.544,20.544
688369.0,42,137,688389.544,20.544
688413.5205255235,19,133,688434.0645255235,20.544
688563.0,36,138,688583.544,20.544
688597.0,13,138,688617.544,20.544
688660.0,23,138,688680.544,20.544
688782.0,15,138,688802.544,20.544
688886.0,30,138,688906.544,20.544
689048.0,0,138,689068.544,20.544
689238.0,21,138,689258.544,20.544
689304.0,16,138,689324.544,20.544
689345.5347990358,33,138,689366.0787990357,20.544
689519.0,47,138,689539.544,20.544
689647.0,4,138,689667.544,20.544
689809.0,8,138,689829.544,20.544
689839.0,44,138,689859.544,20.544
689881.0,29,138,689901.544,20.544
690224.0,39,139,690244.544,20.544
690270.0,1,139,690290.544,20.544
690356.0,48,139,690376.544,20.544
690438.0,24,139,690458.544,20.544
690541.0,32,139,690561.544,20.544
690596.0,22,139,690616.544,20.544
690633.9570416976,34,126,690654.5010416976,20.544
690659.7456778988,45,130,690680.2896778987,20.544
690697.1180492792,12,139,690717.6620492792,20.544
690890.0,41,139,690910.544,20.544
691086.0,5,139,691106.544,20.544
691118.0,14,139,691138.544,20.544
691189.0,18,139,691209.544,20.544
691393.0,2,139,691413.544,20.544
691439.0,49,139,691459.544,20.544
691614.0,17,139,691634.544,20.544
692058.0,20,139,692078.544,20.544
692084.0,31,139,692104.544,20.544
692376.0,10,139,692396.544,20.544
692406.9627910476,46,121,692427.5067910476,20.544
692435.8544468435,9,137,692456.3984468435,20.544
692518.0,28,136,692538.544,20.544
692551.3602746278,7,135,692571.9042746278,20.544
692614.0,26,139,692634.544,20.544
692647.9636309256,25,139,692668.5076309256,20.544
692685.0,11,139,692705.544,20.544
692815.0,35,139,692835.544,20.544
692868.0,40,139,692888.544,20.544
692898.7063231976,37,133,692919.2503231976,20.544
692949.0,27,139,692969.544,20.544
693062.0,43,139,693082.544,20.544
693138.0,38,139,693158.544,20.544
693239.0,6,139,693259.544,20.544
693340.0,3,139,693360.544,20.544
693369.0,42,138,693389.544,20.544
693413.9141784165,19,134,693434.4581784165,20.544
693563.0,36,139,693583.544,20.544
693597.0,13,139,693617.544,20.544
693660.0,23,139,693680.544,20.544
693782.0,15,139,693802.544,20.544
693886.0,30,139,693906.544,20.544
694048.0,0,139,694068.544,20.544
694238.0,21,139,694258.544,20.544
694304.0,16,139,694324.544,20.544
694334.8586427651,33,139,694355.4026427651,20.544
694519.0,47,139,694539.544,20.544
694647.0,4,139,694667.544,20.544
694809.0,8,139,694829.544,20.544
694839.0,44,139,694859.544,20.544
694881.0,29,139,694901.544,20.544
695224.0,39,140,695244.544,20.544
695270.0,1,140,695290.544,20.544
695356.0,48,140,695376.544,20.544
695438.0,24,140,695458.544,20.544
695541.0,32,140,695561.544,20.544
695596.0,22,140,695616.544,20.544
695635.0,45,131,695655.544,20.544
695681.0,12,140,695701.544,20.544
695890.0,41,140,695910.544,20.544
696086.0,5,140,696106.544,20.544
696118.0,14,140,696138.544,20.544
696189.0,18,140,696209.544,20.544
696393.0,2,140,696413.544,20.544
696439.0,49,140,696459.544,20.544
696614.0,17,140,696634.544,20.544
697058.0,20,140,697078.544,20.544
697084.0,31,140,697104.544,20.544
697376.0,10,140,697396.544,20.544
697418.0,9,138,697438.544,20.544
697518.0,28,137,697538.544,20.544
697547.8086987354,7,136,697568.3526987354,20.544
697614.0,26,140,697634.544,20.544
697642.937105541,25,140,697663.481105541,20.544
697685.0,11,140,697705.544,20.544
697815.0,35,140,697835.544,20.544
697868.0,40,140,697888.544,20.544
697898.8663481579,37,134,697919.4103481579,20.544
697949.0,27,140,697969.544,20.544
698062.0,43,140,698082.544,20.544
698138.0,38,140,698158.544,20.544
698239.0,6,140,698259.544,20.544
698340.0,3,140,698360.544,20.544
698365.9869407236,19,135,698386.5309407236,20.544
698419.4318902679,42,139,698439.9758902679,20.544
698563.0,36,140,698583.544,20.544
698597.0,13,140,698617.544,20.544
698660.0,23,140,698680.544,20.544
698782.0,15,140,698802.544,20.544
698886.0,30,140,698906.544,20.544
699048.0,0,140,699068.544,20.544
699238.0,21,140,699258.544,20.544
699304.0,16,140,699324.544,20.544
699331.2072879724,33,140,699351.7512879724,20.544
699519.0,47,140,699539.544,20.544
699647.0,4,140,699667.544,20.544
699809.0,8,140,699829.544,20.544
699839.0,44,140,699859.544,20.544
699881.0,29,140,699901.544,20.544
700224.0,39,141,700244.544,20.544
700270.0,1,141,700290.544,20.544
700356.0,48,141,700376.544,20.544
700438.0,24,141,700458.544,20.544
700541.0,32,141,700561.544,20.544
700596.0,22,141,700616.544,20.544
700626.1863807675,34,127,700646.7303807675,20.544
700676.3827628185,45,132,700696.9267628185,20.544
700728.6319154999,12,141,700749.1759154999,20.544
700890.0,41,141,700910.544,20.544
701086.0,5,141,701106.544,20.544
701118.0,14,141,701138.544,20.544
701189.0,18,141,701209.544,20.544
701393.0,2,141,701413.544,20.544
701439.0,49,141,701459.544,20.544
701614.0,17,141,701634.544,20.544
702058.0,20,141,702078.544,20.544
702084.0,31,141,702104.544,20.544
702376.0,10,141,702396.544,20.544
702418.0,9,139,702438.544,20.544
702479.8483209695,46,122,702500.3923209695,20.544
702518.0,28,138,702538.544,20.544
702552.7615011532,7,137,702573.3055011532,20.544
702614.0,26,141,702634.544,20.544
702650.1295392455,25,141,702670.6735392455,20.544
702685.0,11,141,702705.544,20.544
702815.0,35,141,702835.544,20.544
702868.0,40,141,702888.544,20.544
702898.0782787148,37,135,702918.6222787148,20.544
702949.0,27,141,702969.544,20.544
703062.0,43,141,703082.544,20.544
703138.0,38,141,703158.544,20.544
703239.0,6,141,703259.544,20.544
703340.0,3,141,703360.544,20.544
703367.6656805119,19,136,703388.2096805118,20.544
703405.8870784981,42,140,703426.4310784981,20.544
703563.0,36,141,703583.544,20.544
703597.0,13,141,703617.544,20.544
703660.0,23,141,703680.544,20.544
703782.0,15,141,703802.544,20.544
703886.0,30,141,703906.544,20.544
704048.0,0,141,704068.544,20.544
704238.0,21,141,704258.544,20.544
704304.0,16,141,704324.544,20.544
704347.2119753574,33,141,704367.7559753574,20.544
704519.0,47,141,704539.544,20.544
704647.0,4,141,704667.544,20.544
704809.0,8,141,704829.544,20.544
704839.0,44,141,704859.544,20.544
704881.0,29,141,704901.544,20.544
705224.0,39,142,705244.544,20.544
705270.0,1,142,705290.544,20.544
705356.0,48,142,705376.544,20.544
705438.0,24,142,705458.544,20.544
705541.0,32,142,705561.544,20.544
705596.0,22,142,705616.544,20.544
705626.1126887222,34,128,705646.6566887222,20.544
705654.2424860556,45,133,705674.7864860556,20.544
705681.0,12,142,705701.544,20.544
705890.0,41,142,705910.544,20.544
706086.0,5,142,706106.544,20.544
706118.0,14,142,706138.544,20.544
706189.0,18,142,706209.544,20.544
706393.0,2,142,706413.544,20.544
706439.0,49,142,706459.544,20.544
706614.0,17,142,706634.544,20.544
707058.0,20,142,707078.544,20.544
707084.0,31,142,707104.544,20.544
707376.0,10,142,707396.544,20.544
707403.5823822496,46,123,707424.1263822496,20.544
707430.9227904896,9,140,707451.4667904896,20.544
707518.0,28,139,707538.544,20.544
707573.2417426517,7,138,707593.7857426517,20.544
707614.0,26,142,707634.544,20.544
707649.9640533971,25,142,707670.5080533971,20.544
707685.0,11,142,707705.544,20.544
707815.0,35,142,707835.544,20.544
707868.0,40,142,707888.544,20.544
707898.8593475613,37,136,707919.4033475613,20.544
707949.0,27,142,707969.544,20.544
708062.0,43,142,708082.544,20.544
708138.0,38,142,708158.544,20.544
708239.0,6,142,708259.544,20.544
708340.0,3,142,708360.544,20.544
708369.0,42,141,708389.544,20.544
708480.3395320064,19,137,708500.8835320064,20.544
708563.0,36,142,708583.544,20.544
708597.0,13,142,708617.544,20.544
708660.0,23,142,708680.544,20.544
708782.0,15,142,708802.544,20.544
708886.0,30,142,708906.544,20.544
709048.0,0,142,709068.544,20.544
709238.0,21,142,709258.544,20.544
709304.0,16,142,709324.544,20.544
709330.4468732107,33,142,709350.9908732107,20.544
709519.0,47,142,709539.544,20.544
709647.0,4,142,709667.544,20.544
709809.0,8,142,709829.544,20.544
709839.0,44,142,709859.544,20.544
709881.0,29,142,709901.544,20.544
710224.0,39,143,710244.544,20.544
710270.0,1,143,710290.544,20.544
710356.0,48,143,710376.544,20.544
710438.0,24,143,710458.544,20.544
710541.0,32,143,710561.544,20.544
710596.0,22,143,710616.544,20.544
710635.0,45,134,710655.544,20.544
710669.7882103293,34,129,710690.3322103292,20.544
710704.5136908622,12,143,710725.0576908622,20.544
710890.0,41,143,710910.544,20.544
711086.0,5,143,711106.544,20.544
711118.0,14,143,711138.544,20.544
711189.0,18,143,711209.544,20.544
711393.0,2,143,711413.544,20.544
711439.0,49,143,711459.544,20.544
711614.0,17,143,711634.544,20.544
712058.0,20,143,712078.544,20.544
712084.0,31,143,712104.544,20.544
712376.0,10,143,712396.544,20.544
712405.0159158345,46,124,712425.5599158345,20.544
712439.9776463376,9,141,712460.5216463376,20.544
712518.0,28,140,712538.544,20.544
712572.8097702086,7,139,712593.3537702085,20.544
712614.0,26,143,712634.544,20.544
712642.3817566541,25,143,712662.9257566541,20.544
712685.0,11,143,712705.544,20.544
712815.0,35,143,712835.544,20.544
712868.0,40,143,712888.544,20.544
712896.7321278232,37,137,712917.2761278232,20.544
712949.0,27,143,712969.544,20.544
713062.0,43,143,713082.544,20.544
713138.0,38,143,713158.544,20.544
713239.0,6,143,713259.544,20.544
713340.0,3,143,713360.544,20.544
713369.0,42,142,713389.544,20.544
713415.6186930059,19,138,713436.1626930059,20.544
713563.0,36,143,713583.544,20.544
713597.0,13,143,713617.544,20.544
713660.0,23,143,713680.544,20.544
713782.0,15,143,713802.544,20.544
713886.0,30,143,713906.544,20.544
714048.0,0,143,714068.544,20.544
714238.0,21,143,714258.544,20.544
714304.0,16,143,714324.544,20.544
714347.2836537053,33,143,714367.8276537053,20.544
714519.0,47,143,714539.544,20.544
714647.0,4,143,714667.544,20.544
714809.0,8,143,714829.544,20.544
714839.0,44,143,714859.544,20.544
714881.0,29,143,714901.544,20.544
715224.0,39,144,715244.544,20.544
715270.0,1,144,715290.544,20.544
715356.0,48,144,715376.544,20.544
715438.0,24,144,715458.544,20.544
715541.0,32,144,715561.544,20.544
715596.0,22,144,715616.544,20.544
715635.0,45,135,715655.544,20.544
715673.5495751823,34,130,715694.0935751823,20.544
715702.6329289586,12,144,715723.1769289586,20.544
715890.0,41,144,715910.544,20.544
716086.0,5,144,716106.544,20.544
716118.0,14,144,716138.544,20.544
716189.0,18,144,716209.544,20.544
716393.0,2,144,716413.544,20.544
716439.0,49,144,716459.544,20.544
716614.0,17,144,716634.544,20.544
717058.0,20,144,717078.544,20.544
717084.0,31,144,717104.544,20.544
717376.0,10,144,717396.544,20.544
717418.0,9,142,717438.544,20.544
717481.0956160243,46,125,717501.6396160243,20.544
717518.0,28,141,717538.544,20.544
717554.0088675844,7,140,717574.5528675844,20.544
717614.0,26,144,717634.544,20.544
717667.9628502034,25,144,717688.5068502034,20.544
717706.4609529903,11,144,717727.0049529903,20.544
717815.0,35,144,717835.544,20.544
717868.0,40,144,717888.544,20.544
717895.7661106166,37,138,717916.3101106166,20.544
717949.0,27,144,717969.544,20.544
718062.0,43,144,718082.544,20.544
718138.0,38,144,718158.544,20.544
718239.0,6,144,718259.544,20.544
718340.0,3,144,718360.544,20.544
718367.0409342676,19,139,718387.5849342676,20.544
718479.3348444155,42,143,718499.8788444155,20.544
718563.0,36,144,718583.544,20.544
718597.0,13,144,718617.544,20.544
718660.0,23,144,718680.544,20.544
718782.0,15,144,718802.544,20.544
718886.0,30,144,718906.544,20.544
719048.0,0,144,719068.544,20.544
719238.0,21,144,719258.544,20.544
719304.0,16,144,719324.544,20.544
719339.2569513641,33,144,719359.8009513641,20.544
719519.0,47,144,719539.544,20.544
719647.0,4,144,719667.544,20.544
719809.0,8,144,719829.544,20.544
719839.0,44,144,719859.544,20.544
719881.0,29,144,719901.544,20.544
720224.0,39,145,720244.544,20.544
720270.0,1,145,720290.544,20.544
720356.0,48,145,720376.544,20.544
720438.0,24,145,720458.544,20.544
720541.0,32,145,720561.544,20.544
720596.0,22,145,720616.544,20.544
720625.6330533996,34,131,720646.1770533996,20.544
720681.0,12,145,720701.544,20.544
720769.7767046927,45,136,720790.3207046927,20.544
720890.0,41,145,720910.544,20.544
721086.0,5,145,721106.544,20.544
721118.0,14,145,721138.544,20.544
721189.0,18,145,721209.544,20.544
721393.0,2,145,721413.544,20.544
721439.0,49,145,721459.544,20.544
721614.0,17,145,721634.544,20.544
722058.0,20,145,722078.544,20.544
722084.0,31,145,722104.544,20.544
722376.0,10,145,722396.544,20.544
722418.0,9,143,722438.544,20.544
722452.9835544659,46,126,722473.5275544659,20.544
722518.0,28,142,722538.544,20.544
722548.8341181055,7,141,722569.3781181055,20.544
722614.0,26,145,722634.544,20.544
722655.4627664338,25,145,722676.0067664338,20.544
722685.0,11,145,722705.544,20.544
722815.0,35,145,722835.544,20.544
722868.0,40,145,722888.544,20.544
722922.2391510651,37,139,722942.7831510651,20.544
722949.0,27,145,722969.544,20.544
723062.0,43,145,723082.544,20.544
723138.0,38,145,723158.544,20.544
723239.0,6,145,723259.544,20.544
723340.0,3,145,723360.544,20.544
723369.0,42,144,723389.544,20.544
723563.0,36,145,723583.544,20.544
723597.0,13,145,723617.544,20.544
723660.0,23,145,723680.544,20.544
723782.0,15,145,723802.544,20.544
723886.0,30,145,723906.544,20.544
724048.0,0,145,724068.544,20.544
724238.0,21,145,724258.544,20.544
724304.0,16,145,724324.544,20.544
724358.3376643899,33,145,724378.8816643899,20.544
724519.0,47,145,724539.544,20.544
724647.0,4,145,724667.544,20.544
724809.0,8,145,724829.544,20.544
724839.0,44,145,724859.544,20.544
724881.0,29,145,724901.544,20.544
725224.0,39,146,725244.544,20.544
725270.0,1,146,725290.544,20.544
725356.0,48,146,725376.544,20.544
725438.0,24,146,725458.544,20.544
725541.0,32,146,725561.544,20.544
725596.0,22,146,725616.544,20.544
725628.9693323451,34,132,725649.513332345,20.544
725657.472413153,45,137,725678.016413153,20.544
725695.9241326925,12,146,725716.4681326925,20.544
725890.0,41,146,725910.544,20.544
726086.0,5,146,726106.544,20.544
726118.0,14,146,726138.544,20.544
726189.0,18,146,726209.544,20.544
726393.0,2,146,726413.544,20.544
726439.0,49,146,726459.544,20.544
726614.0,17,146,726634.544,20.544
727058.0,20,146,727078.544,20.544
727084.0,31,146,727104.544,20.544
727376.0,10,146,727396.544,20.544
727405.5258029137,46,127,727426.0698029137,20.544
727435.8539211513,9,144,727456.3979211512,20.544
727518.0,28,143,727538.544,20.544
727552.9191001729,7,142,727573.4631001729,20.544
727614.0,26,146,727634.544,20.544
727653.9841907059,25,146,727674.5281907059,20.544
727685.0,11,146,727705.544,20.544
727815.0,35,146,727835.544,20.544
727868.0,40,146,727888.544,20.544
727900.1020059352,37,140,727920.6460059352,20.544
727949.0,27,146,727969.544,20.544
728062.0,43,146,728082.544,20.544
728138.0,38,146,728158.544,20.544
728239.0,6,146,728259.544,20.544
728340.0,3,146,728360.544,20.544
728369.0,42,145,728389.544,20.544
728405.4543997057,19,140,728425.9983997057,20.544
728563.0,36,146,728583.544,20.544
728597.0,13,146,728617.544,20.544
728660.0,23,146,728680.544,20.544
728782.0,15,146,728802.544,20.544
728886.0,30,146,728906.544,20.544
729048.0,0,146,729068.544,20.544
729238.0,21,146,729258.544,20.544
729304.0,16,146,729324.544,20.544
729334.7168998455,33,146,729355.2608998455,20.544
729519.0,47,146,729539.544,20.544
729647.0,4,146,729667.544,20.544
729809.0,8,146,729829.544,20.544
729839.0,44,146,729859.544,20.544
729881.0,29,146,729901.544,20.544
730224.0,39,147,730244.544,20.544
730270.0,1,147,730290.544,20.544
730356.0,48,147,730376.544,20.544
730438.0,24,147,730458.544,20.544
730541.0,32,147,730561.544,20.544
730596.0,22,147,730616.544,20.544
730627.764486356,34,133,730648.308486356,20.544
730658.4042832721,45,138,730678.9482832721,20.544
730694.5715851394,12,147,730715.1155851394,20.544
730890.0,41,147,730910.544,20.544
731086.0,5,147,731106.544,20.544
731118.0,14,147,731138.544,20.544
731189.0,18,147,731209.544,20.544
731393.0,2,147,731413.544,20.544
731439.0,49,147,731459.544,20.544
731614.0,17,147,731634.544,20.544
732058.0,20,147,732078.544,20.544
732084.0,31,147,732104.544,20.544
732376.0,10,147,732396.544,20.544
732418.0,9,145,732438.544,20.544
732445.4430381758,46,128,732465.9870381758,20.544
732518.0,28,144,732538.544,20.544
732569.5083267885,7,143,732590.0523267885,20.544
732614.0,26,147,732634.544,20.544
732642.4909948182,25,147,732663.0349948182,20.544
732685.0,11,147,732705.544,20.544
732815.0,35,147,732835.544,20.544
732868.0,40,147,732888.544,20.544
732921.4989521871,37,141,732942.0429521871,20.544
732949.0,27,147,732969.544,20.544
733062.0,43,147,733082.544,20.544
733138.0,38,147,733158.544,20.544
733239.0,6,147,733259.544,20.544
733340.0,3,147,733360.544,20.544
733369.0,42,146,733389.544,20.544
733411.9433738881,19,141,733432.4873738881,20.544
733563.0,36,147,733583.544,20.544
733597.0,13,147,733617.544,20.544
733660.0,23,147,733680.544,20.544
733782.0,15,147,733802.544,20.544
733886.0,30,147,733906.544,20.544
734048.0,0,147,734068.544,20.544
734238.0,21,147,734258.544,20.544
734304.0,16,147,734324.544,20.544
734367.1106140622,33,147,734387.6546140622,20.544
734519.0,47,147,734539.544,20.544
734647.0,4,147,734667.544,20.544
734809.0,8,147,734829.544,20.544
734839.0,44,147,734859.544,20.544
734881.0,29,147,734901.544,20.544
735224.0,39,148,735244.544,20.544
735270.0,1,148,735290.544,20.544
735356.0,48,148,735376.544,20.544
735438.0,24,148,735458.544,20.544
735541.0,32,148,735561.544,20.544
735596.0,22,148,735616.544,20.544
735629.4783068203,34,134,735650.0223068203,20.544
735662.4978611425,45,139,735683.0418611425,20.544
735701.0042265902,12,148,735721.5482265902,20.544
735890.0,41,148,735910.544,20.544
736086.0,5,148,736106.544,20.544
736118.0,14,148,736138.544,20.544
736189.0,18,148,736209.544,20.544
736393.0,2,148,736413.544,20.544
736439.0,49,148,736459.544,20.544
736614.0,17,148,736634.544,20.544
737058.0,20,148,737078.544,20.544
737084.0,31,148,737104.544,20.544
737376.0,10,148,737396.544,20.544
737403.960649489,46,129,737424.504649489,20.544
737440.3373299944,9,146,737460.8813299944,20.544
737518.0,28,145,737538.544,20.544
737561.5951052344,7,144,737582.1391052344,20.544
737614.0,26,148,737634.544,20.544
737641.558769132,25,148,737662.102769132,20.544
737685.0,11,148,737705.544,20.544
737815.0,35,148,737835.544,20.544
737868.0,40,148,737888.544,20.544
737910.1323905411,37,142,737930.6763905411,20.544
737949.0,27,148,737969.544,20.544
738062.0,43,148,738082.544,20.544
738138.0,38,148,738158.544,20.544
738239.0,6,148,738259.544,20.544
738340.0,3,148,738360.544,20.544
738365.8348606669,19,142,738386.3788606669,20.544
738391.7722764479,42,147,738412.3162764478,20.544
738563.0,36,148,738583.544,20.544
738597.0,13,148,738617.544,20.544
738660.0,23,148,738680.544,20.544
738782.0,15,148,738802.544,20.544
738886.0,30,148,738906.544,20.544
739048.0,0,148,739068.544,20.544
739238.0,21,148,739258.544,20.544
739304.0,16,148,739324.544,20.544
739332.4966112057,33,148,739353.0406112057,20.544
739519.0,47,148,739539.544,20.544
739647.0,4,148,739667.544,20.544
739809.0,8,148,739829.544,20.544
739839.0,44,148,739859.544,20.544
739881.0,29,148,739901.544,20.544
740224.0,39,149,740244.544,20.544
740270.0,1,149,740290.544,20.544
740356.0,48,149,740376.544,20.544
740438.0,24,149,740458.544,20.544
740541.0,32,149,740561.544,20.544
740596.0,22,149,740616.544,20.544
740624.120518066,34,135,740644.664518066,20.544
740672.3978587888,45,140,740692.9418587888,20.544
740698.8667568787,12,149,740719.4107568787,20.544
740890.0,41,149,740910.544,20.544
741086.0,5,149,741106.544,20.544
741118.0,14,149,741138.544,20.544
741189.0,18,149,741209.544,20.544
741393.0,2,149,741413.544,20.544
741439.0,49,149,741459.544,20.544
741614.0,17,149,741634.544,20.544
742058.0,20,149,742078.544,20.544
742084.0,31,149,742104.544,20.544
742376.0,10,149,742396.544,20.544
742402.4788219061,46,130,742423.0228219061,20.544
742438.2031729739,9,147,742458.7471729739,20.544
742518.0,28,146,742538.544,20.544
742573.094742854,7,145,742593.638742854,20.544
742614.0,26,149,742634.544,20.544
742653.3304954197,25,149,742673.8744954197,20.544
742685.0,11,149,742705.544,20.544
742815.0,35,149,742835.544,20.544
742868.0,40,149,742888.544,20.544
742918.348562645,37,143,742938.892562645,20.544
742949.0,27,149,742969.544,20.544
743062.0,43,149,743082.544,20.544
743138.0,38,149,743158.544,20.544
743239.0,6,149,743259.544,20.544
743340.0,3,149,743360.544,20.544
743369.0,42,148,743389.544,20.544
743399.2111405166,19,143,743419.7551405166,20.544
743563.0,36,149,743583.544,20.544
743597.0,13,149,743617.544,20.544
743660.0,23,149,743680.544,20.544
743782.0,15,149,743802.544,20.544
743886.0,30,149,743906.544,20.544
744048.0,0,149,744068.544,20.544
744238.0,21,149,744258.544,20.544
744304.0,16,149,744324.544,20.544
744333.3563667382,33,149,744353.9003667382,20.544
744519.0,47,149,744539.544,20.544
744647.0,4,149,744667.544,20.544
744809.0,8,149,744829.544,20.544
744839.0,44,149,744859.544,20.544
744881.0,29,149,744901.544,20.544
745224.0,39,150,745244.544,20.544
745270.0,1,150,745290.544,20.544
745356.0,48,150,745376.544,20.544
745438.0,24,150,745458.544,20.544
745541.0,32,150,745561.544,20.544
745596.0,22,150,745616.544,20.544
745635.0,45,141,745655.544,20.544
745681.0,12,150,745701.544,20.544
745748.0841039866,34,136,745768.6281039866,20.544
745890.0,41,150,745910.544,20.544
746086.0,5,150,746106.544,20.544
746118.0,14,150,746138.544,20.544
746189.0,18,150,746209.544,20.544
746393.0,2,150,746413.544,20.544
746439.0,49,150,746459.544,20.544
746614.0,17,150,746634.544,20.544
747058.0,20,150,747078.544,20.544
747084.0,31,150,747104.544,20.544
747376.0,10,150,747396.544,20.544
747403.77745344,46,131,747424.32145344,20.544
747432.1966009106,9,148,747452.7406009106,20.544
747518.0,28,147,747538.544,20.544
747546.4492029247,7,146,747566.9932029247,20.544
747614.0,26,150,747634.544,20.544
747641.4846378226,25,150,747662.0286378226,20.544
747685.0,11,150,747705.544,20.544
747815.0,35,150,747835.544,20.544
747868.0,40,150,747888.544,20.544
747949.0,27,150,747969.544,20.544
748062.0,43,150,748082.544,20.544
748138.0,38,150,748158.544,20.544
748239.0,6,150,748259.544,20.544
748340.0,3,150,748360.544,20.544
748369.0,42,149,748389.544,20.544
748424.3265400718,19,144,748444.8705400717,20.544
748563.0,36,150,748583.544,20.544
748597.0,13,150,748617.544,20.544
748660.0,23,150,748680.544,20.544
748782.0,15,150,748802.544,20.544
748886.0,30,150,748906.544,20.544
749048.0,0,150,749068.544,20.544
749238.0,21,150,749258.544,20.544
749304.0,16,150,749324.544,20.544
749343.8801282565,33,150,749364.4241282565,20.544
749519.0,47,150,749539.544,20.544
749647.0,4,150,749667.544,20.544
749809.0,8,150,749829.544,20.544
749839.0,44,150,749859.544,20.544
749881.0,29,150,749901.544,20.544
750224.0,39,151,750244.544,20.544
750270.0,1,151,750290.544,20.544
750356.0,48,151,750376.544,20.544
750438.0,24,151,750458.544,20.544
750541.0,32,151,750561.544,20.544
750596.0,22,151,750616.544,20.544
750627.5557082659,34,137,750648.0997082659,20.544
750675.8713571173,45,142,750696.4153571173,20.544
750728.195186915,12,151,750748.739186915,20.544
750890.0,41,151,750910.544,20.544
751086.0,5,151,751106.544,20.544
751118.0,14,151,751138.544,20.544
751189.0,18,151,751209.544,20.544
751393.0,2,151,751413.544,20.544
751439.0,49,151,751459.544,20.544
751614.0,17,151,751634.544,20.544
752058.0,20,151,752078.544,20.544
752084.0,31,151,752104.544,20.544
752376.0,10,151,752396.544,20.544
752405.4274924754,46,132,752425.9714924754,20.544
752432.6061543347,9,149,752453.1501543347,20.544
752518.0,28,148,752538.544,20.544
752566.0145650866,7,147,752586.5585650866,20.544
752614.0,26,151,752634.544,20.544
752653.1027034932,25,151,752673.6467034932,20.544
752685.0,11,151,752705.544,20.544
752815.0,35,151,752835.544,20.544
752868.0,40,151,752888.544,20.544
752925.4587805686,37,144,752946.0027805686,20.544
752969.5110508751,27,151,752990.0550508751,20.544
753062.0,43,151,753082.544,20.544
753138.0,38,151,753158.544,20.544
753239.0,6,151,753259.544,20.544
753340.0,3,151,753360.544,20.544
753369.0,42,150,753389.544,20.544
753442.3385367367,19,145,753462.8825367367,20.544
753563.0,36,151,753583.544,20.544
753597.0,13,151,753617.544,20.544
753660.0,23,151,753680.544,20.544
753782.0,15,151,753802.544,20.544
753886.0,30,151,753906.544,20.544
754048.0,0,151,754068.544,20.544
754238.0,21,151,754258.544,20.544
754304.0,16,151,754324.544,20.544
754366.5777133002,33,151,754387.1217133002,20.544
754519.0,47,151,754539.544,20.544
754647.0,4,151,754667.544,20.544
754809.0,8,151,754829.544,20.544
754839.0,44,151,754859.544,20.544
754881.0,29,151,754901.544,20.544
755224.0,39,152,755244.544,20.544
755270.0,1,152,755290.544,20.544
755356.0,48,152,755376.544,20.544
755438.0,24,152,755458.544,20.544
755541.0,32,152,755561.544,20.544
755596.0,22,152,755616.544,20.544
755624.0983322266,34,138,755644.6423322266,20.544
755652.3675444102,45,143,755672.9115444102,20.544
755681.0,12,152,755701.544,20.544
755890.0,41,152,755910.544,20.544
756086.0,5,152,756106.544,20.544
756118.0,14,152,756138.544,20.544
756189.0,18,152,756209.544,20.544
756393.0,2,152,756413.544,20.544
756439.0,49,152,756459.544,20.544
756614.0,17,152,756634.544,20.544
757058.0,20,152,757078.544,20.544
757084.0,31,152,757104.544,20.544
757376.0,10,152,757396.544,20.544
757405.0284808442,46,133,757425.5724808442,20.544
757436.7891564743,9,150,757457.3331564743,20.544
757518.0,28,149,757538.544,20.544
757556.6103195694,7,148,757577.1543195694,20.544
757614.0,26,152,757634.544,20.544
757659.7055897604,25,152,757680.2495897604,20.544
757708.7469685081,11,152,757729.2909685081,20.544
757815.0,35,152,757835.544,20.544
757868.0,40,152,757888.544,20.544
757949.0,27,152,757969.544,20.544
758062.0,43,152,758082.544,20.544
758138.0,38,152,758158.544,20.544
758239.0,6,152,758259.544,20.544
758340.0,3,152,758360.544,20.544
758369.0,42,151,758389.544,20.544
758417.0313739034,19,146,758437.5753739034,20.544
758563.0,36,152,758583.544,20.544
758597.0,13,152,758617.544,20.544
758660.0,23,152,758680.544,20.544
758782.0,15,152,758802.544,20.544
758886.0,30,152,758906.544,20.544
759048.0,0,152,759068.544,20.544
759238.0,21,152,759258.544,20.544
759304.0,16,152,759324.544,20.544
759335.873949782,33,152,759356.417949782,20.544
759519.0,47,152,759539.544,20.544
759647.0,4,152,759667.544,20.544
759809.0,8,152,759829.544,20.544
759839.0,44,152,759859.544,20.544
759881.0,29,152,759901.544,20.544
760224.0,39,153,760244.544,20.544
760270.0,1,153,760290.544,20.544
760356.0,48,153,760376.544,20.544
760438.0,24,153,760458.544,20.544
760541.0,32,153,760561.544,20.544
760596.0,22,153,760616.544,20.544
760635.0,45,144,760655.544,20.544
760681.0,12,153,760701.544,20.544
760743.5363427962,34,139,760764.0803427962,20.544
760890.0,41,153,760910.544,20.544
761086.0,5,153,761106.544,20.544
761118.0,14,153,761138.544,20.544
761189.0,18,153,761209.544,20.544
761393.0,2,153,761413.544,20.544
761439.0,49,153,761459.544,20.544
761614.0,17,153,761634.544,20.544
762058.0,20,153,762078.544,20.544
762084.0,31,153,762104.544,20.544
762376.0,10,153,762396.544,20.544
762405.8220845787,46,134,762426.3660845787,20.544
762440.572153323,9,151,762461.116153323,20.544
762518.0,28,150,762538.544,20.544
762545.7698444293,7,149,762566.3138444293,20.544
762614.0,26,153,762634.544,20.544
762668.0950542699,25,153,762688.6390542699,20.544
762715.1256860653,11,153,762735.6696860653,20.544
762815.0,35,153,762835.544,20.544
762868.0,40,153,762888.544,20.544
762896.4546350437,37,145,762916.9986350437,20.544
762949.0,27,153,762969.544,20.544
763062.0,43,153,763082.544,20.544
763138.0,38,153,763158.544,20.544
763239.0,6,153,763259.544,20.544
763340.0,3,153,763360.544,20.544
763369.0,42,152,763389.544,20.544
763462.929315529,19,147,763483.473315529,20.544
763563.0,36,153,763583.544,20.544
763597.0,13,153,763617.544,20.544
763660.0,23,153,763680.544,20.544
763782.0,15,153,763802.544,20.544
763886.0,30,153,763906.544,20.544
764048.0,0,153,764068.544,20.544
764238.0,21,153,764258.544,20.544
764304.0,16,153,764324.544,20.544
764339.3309961272,33,153,764359.8749961272,20.544
764519.0,47,153,764539.544,20.544
764647.0,4,153,764667.544,20.544
764809.0,8,153,764829.544,20.544
764839.0,44,153,764859.544,20.544
764881.0,29,153,764901.544,20.544
765224.0,39,154,765244.544,20.544
765270.0,1,154,765290.544,20.544
765356.0,48,154,765376.544,20.544
765438.0,24,154,765458.544,20.544
765541.0,32,154,765561.544,20.544
765596.0,22,154,765616.544,20.544
765629.5041351811,34,140,765650.0481351811,20.544
765666.9837771029,45,145,765687.5277771029,20.544
765701.1174047203,12,154,765721.6614047203,20.544
765890.0,41,154,765910.544,20.544
766086.0,5,154,766106.544,20.544
766118.0,14,154,766138.544,20.544
766189.0,18,154,766209.544,20.544
766393.0,2,154,766413.544,20.544
766439.0,49,154,766459.544,20.544
766614.0,17,154,766634.544,20.544
767058.0,20,154,767078.544,20.544
767084.0,31,154,767104.544,20.544
767376.0,10,154,767396.544,20.544
767418.0,9,152,767438.544,20.544
767484.9899440656,46,135,767505.5339440656,20.544
767518.0,28,151,767538.544,20.544
767567.4314042339,7,150,767587.9754042339,20.544
767614.0,26,154,767634.544,20.544
767660.0165393131,25,154,767680.5605393131,20.544
767709.0186529646,11,154,767729.5626529646,20.544
767815.0,35,154,767835.544,20.544
767868.0,40,154,767888.544,20.544
767938.0766068363,37,146,767958.6206068363,20.544
767977.1411270365,27,154,767997.6851270365,20.544
768062.0,43,154,768082.544,20.544
768138.0,38,154,768158.544,20.544
768239.0,6,154,768259.544,20.544
768340.0,3,154,768360.544,20.544
768369.0,42,153,768389.544,20.544
768430.3095234795,19,148,768450.8535234795,20.544
768563.0,36,154,768583.544,20.544
768597.0,13,154,768617.544,20.544
768660.0,23,154,768680.544,20.544
768782.0,15,154,768802.544,20.544
768886.0,30,154,768906.544,20.544
769048.0,0,154,769068.544,20.544
769238.0,21,154,769258.544,20.544
769304.0,16,154,769324.544,20.544
769331.6487139242,33,154,769352.1927139242,20.544
769519.0,47,154,769539.544,20.544
769647.0,4,154,769667.544,20.544
769809.0,8,154,769829.544,20.544
769839.0,44,154,769859.544,20.544
769881.0,29,154,769901.544,20.544
770224.0,39,155,770244.544,20.544
770270.0,1,155,770290.544,20.544
770356.0,48,155,770376.544,20.544
770438.0,24,155,770458.544,20.544
770541.0,32,155,770561.544,20.544
770596.0,22,155,770616.544,20.544
770622.508141217,34,141,770643.052141217,20.544
770655.6275684205,45,146,770676.1715684205,20.544
770700.806026458,12,155,770721.350026458,20.544
770890.0,41,155,770910.544,20.544
771086.0,5,155,771106.544,20.544
771118.0,14,155,771138.544,20.544
771189.0,18,155,771209.544,20.544
771393.0,2,155,771413.544,20.544
771439.0,49,155,771459.544,20.544
771614.0,17,155,771634.544,20.544
772058.0,20,155,772078.544,20.544
772084.0,31,155,772104.544,20.544
772376.0,10,155,772396.544,20.544
772418.0,9,153,772438.544,20.544
772448.4481375276,46,136,772468.9921375276,20.544
772518.0,28,152,772538.544,20.544
772548.9120533696,7,151,772569.4560533696,20.544
772614.0,26,155,772634.544,20.544
772659.081501443,25,155,772679.625501443,20.544
772685.0,11,155,772705.544,20.544
772815.0,35,155,772835.544,20.544
772868.0,40,155,772888.544,20.544
772906.5281469495,37,147,772927.0721469495,20.544
772949.0,27,155,772969.544,20.544
773062.0,43,155,773082.544,20.544
773138.0,38,155,773158.544,20.544
773239.0,6,155,773259.544,20.544
773340.0,3,155,773360.544,20.544
773369.0,42,154,773389.544,20.544
773422.1147780236,19,149,773442.6587780236,20.544
773563.0,36,155,773583.544,20.544
773597.0,13,155,773617.544,20.544
773660.0,23,155,773680.544,20.544
773782.0,15,155,773802.544,20.544
773886.0,30,155,773906.544,20.544
774048.0,0,155,774068.544,20.544
774238.0,21,155,774258.544,20.544
774304.0,16,155,774324.544,20.544
774333.9513386722,33,155,774354.4953386722,20.544
774519.0,47,155,774539.544,20.544
774647.0,4,155,774667.544,20.544
774809.0,8,155,774829.544,20.544
774839.0,44,155,774859.544,20.544
774881.0,29,155,774901.544,20.544
775224.0,39,156,775244.544,20.544
775270.0,1,156,775290.544,20.544
775356.0,48,156,775376.544,20.544
775438.0,24,156,775458.544,20.544
775541.0,32,156,775561.544,20.544
775596.0,22,156,775616.544,20.544
775625.0050915221,34,142,775645.5490915221,20.544
775650.7600948301,45,147,775671.3040948301,20.544
775681.0,12,156,775701.544,20.544
775890.0,41,156,775910.544,20.544
776086.0,5,156,776106.544,20.544
776118.0,14,156,776138.544,20.544
776189.0,18,156,776209.544,20.544
776393.0,2,156,776413.544,20.544
776439.0,49,156,776459.544,20.544
776614.0,17,156,776634.544,20.544
777058.0,20,156,777078.544,20.544
777084.0,31,156,777104.544,20.544
777376.0,10,156,777396.544,20.544
777417.9752907238,46,137,777438.5192907238,20.544
777456.0315050042,9,154,777476.5755050041,20.544
777518.0,28,153,777538.544,20.544
777573.4609311073,7,152,777594.0049311073,20.544
777614.0,26,156,777634.544,20.544
777676.5796387623,25,156,777697.1236387623,20.544
777711.499606426,11,156,777732.043606426,20.544
777815.0,35,156,777835.544,20.544
777868.0,40,156,777888.544,20.544
777914.1051060146,37,148,777934.6491060146,20.544
777949.0,27,156,777969.544,20.544
778062.0,43,156,778082.544,20.544
778138.0,38,156,778158.544,20.544
778239.0,6,156,778259.544,20.544
778340.0,3,156,778360.544,20.544
778369.0,42,155,778389.544,20.544
778457.9066123497,19,150,778478.4506123497,20.544
778563.0,36,156,778583.544,20.544
778597.0,13,156,778617.544,20.544
778660.0,23,156,778680.544,20.544
778782.0,15,156,778802.544,20.544
778886.0,30,156,778906.544,20.544
779048.0,0,156,779068.544,20.544
779238.0,21,156,779258.544,20.544
779304.0,16,156,779324.544,20.544
779340.3977346108,33,156,779360.9417346108,20.544
779519.0,47,156,779539.544,20.544
779647.0,4,156,779667.544,20.544
779809.0,8,156,779829.544,20.544
779839.0,44,156,779859.544,20.544
779881.0,29,156,779901.544,20.544
780224.0,39,157,780244.544,20.544
780270.0,1,157,780290.544,20.544
780356.0,48,157,780376.544,20.544
780438.0,24,157,780458.544,20.544
780541.0,32,157,780561.544,20.544
780596.0,22,157,780616.544,20.544
780635.0,45,148,780655.544,20.544
780681.0,12,157,780701.544,20.544
780717.4636097034,34,143,780738.0076097033,20.544
780890.0,41,157,780910.544,20.544
781086.0,5,157,781106.544,20.544
781118.0,14,157,781138.544,20.544
781189.0,18,157,781209.544,20.544
781393.0,2,157,781413.544,20.544
781439.0,49,157,781459.544,20.544
781614.0,17,157,781634.544,20.544
782058.0,20,157,782078.544,20.544
782084.0,31,157,782104.544,20.544
782376.0,10,157,782396.544,20.544
782406.5521612067,46,138,782427.0961612067,20.544
782439.3644925171,9,155,782459.9084925171,20.544
782518.0,28,154,782538.544,20.544
782547.2808999402,7,153,782567.8248999402,20.544
782614.0,26,157,782634.544,20.544
782642.8904918293,25,157,782663.4344918292,20.544
782685.0,11,157,782705.544,20.544
782815.0,35,157,782835.544,20.544
782868.0,40,157,782888.544,20.544
782909.9813154502,37,149,782930.5253154502,20.544
782949.0,27,157,782969.544,20.544
783062.0,43,157,783082.544,20.544
783138.0,38,157,783158.544,20.544
783239.0,6,157,783259.544,20.544
783340.0,3,157,783360.544,20.544
783369.0,42,156,783389.544,20.544
783415.3410586026,19,151,783435.8850586026,20.544
783563.0,36,157,783583.544,20.544
783597.0,13,157,783617.544,20.544
783660.0,23,157,783680.544,20.544
783782.0,15,157,783802.544,20.544
783886.0,30,157,783906.544,20.544
784048.0,0,157,784068.544,20.544
784238.0,21,157,784258.544,20.544
784304.0,16,157,784324.544,20.544
784354.8003098869,33,157,784375.3443098869,20.544
784519.0,47,157,784539.544,20.544
784647.0,4,157,784667.544,20.544
784809.0,8,157,784829.544,20.544
784839.0,44,157,784859.544,20.544
784881.0,29,157,784901.544,20.544
785224.0,39,158,785244.544,20.544
785270.0,1,158,785290.544,20.544
785356.0,48,158,785376.544,20.544
785438.0,24,158,785458.544,20.544
785541.0,32,158,785561.544,20.544
785596.0,22,158,785616.544,20.544
785623.6793206366,34,144,785644.2233206365,20.544
785650.5858831523,45,149,785671.1298831523,20.544
785681.0,12,158,785701.544,20.544
785890.0,41,158,785910.544,20.544
786086.0,5,158,786106.544,20.544
786118.0,14,158,786138.544,20.544
786189.0,18,158,786209.544,20.544
786393.0,2,158,786413.544,20.544
786439.0,49,158,786459.544,20.544
786614.0,17,158,786634.544,20.544
787058.0,20,158,787078.544,20.544
787084.0,31,158,787104.544,20.544
787376.0,10,158,787396.544,20.544
787403.5894338406,46,139,787424.1334338406,20.544
787433.4635911803,9,156,787454.0075911803,20.544
787518.0,28,155,787538.544,20.544
787564.1232076957,7,154,787584.6672076957,20.544
787614.0,26,158,787634.544,20.544
787659.3203182955,25,158,787679.8643182955,20.544
787685.0,11,158,787705.544,20.544
787815.0,35,158,787835.544,20.544
787868.0,40,158,787888.544,20.544
787906.7801451959,37,150,787927.3241451959,20.544
787949.0,27,158,787969.544,20.544
788062.0,43,158,788082.544,20.544
788138.0,38,158,788158.544,20.544
788239.0,6,158,788259.544,20.544
788340.0,3,158,788360.544,20.544
788366.6217636259,19,152,788387.1657636259,20.544
788407.9608580443,42,157,788428.5048580443,20.544
788563.0,36,158,788583.544,20.544
788597.0,13,158,788617.544,20.544
788660.0,23,158,788680.544,20.544
788782.0,15,158,788802.544,20.544
788886.0,30,158,788906.544,20.544
789048.0,0,158,789068.544,20.544
789238.0,21,158,789258.544,20.544
789304.0,16,158,789324.544,20.544
789372.2460387412,33,158,789392.7900387412,20.544
789519.0,47,158,789539.544,20.544
789647.0,4,158,789667.544,20.544
789809.0,8,158,789829.544,20.544
789839.0,44,158,789859.544,20.544
789881.0,29,158,789901.544,20.544
790224.0,39,159,790244.544,20.544
790270.0,1,159,790290.544,20.544
790356.0,48,159,790376.544,20.544
790438.0,24,159,790458.544,20.544
790541.0,32,159,790561.544,20.544
790596.0,22,159,790616.544,20.544
790633.5499922734,34,145,790654.0939922734,20.544
790681.0,12,159,790701.544,20.544
790756.9745035614,45,150,790777.5185035614,20.544
790890.0,41,159,790910.544,20.544
791086.0,5,159,791106.544,20.544
791118.0,14,159,791138.544,20.544
791189.0,18,159,791209.544,20.544
791393.0,2,159,791413.544,20.544
791439.0,49,159,791459.544,20.544
791614.0,17,159,791634.544,20.544
792058.0,20,159,792078.544,20.544
792084.0,31,159,792104.544,20.544
792376.0,10,159,792396.544,20.544
792418.0,9,157,792438.544,20.544
792518.0,28,156,792538.544,20.544
792544.3107530663,7,155,792564.8547530663,20.544
792614.0,26,159,792634.544,20.544
792646.0611111899,25,159,792666.6051111899,20.544
792685.0,11,159,792705.544,20.544
792815.0,35,159,792835.544,20.544
792868.0,40,159,792888.544,20.544
792927.5615885692,37,151,792948.1055885692,20.544
792953.3996027419,27,159,792973.9436027419,20.544
793062.0,43,159,793082.544,20.544
793138.0,38,159,793158.544,20.544
793239.0,6,159,793259.544,20.544
793340.0,3,159,793360.544,20.544
793366.8547346125,19,153,793387.3987346125,20.544
793400.1140841729,42,158,793420.6580841729,20.544
793563.0,36,159,793583.544,20.544
793597.0,13,159,793617.544,20.544
793660.0,23,159,793680.544,20.544
793782.0,15,159,793802.544,20.544
793886.0,30,159,793906.544,20.544
794048.0,0,159,794068.544,20.544
794238.0,21,159,794258.544,20.544
794304.0,16,159,794324.544,20.544
794336.2123220027,33,159,794356.7563220027,20.544
794519.0,47,159,794539.544,20.544
794647.0,4,159,794667.544,20.544
794809.0,8,159,794829.544,20.544
794839.0,44,159,794859.544,20.544
794881.0,29,159,794901.544,20.544
795224.0,39,160,795244.544,20.544
795270.0,1,160,795290.544,20.544
795356.0,48,160,795376.544,20.544
795438.0,24,160,795458.544,20.544
795541.0,32,160,795561.544,20.544
795596.0,22,160,795616.544,20.544
795626.315634847,34,146,795646.859634847,20.544
795681.0,12,160,795701.544,20.544
795771.6206491234,45,151,795792.1646491234,20.544
795890.0,41,160,795910.544,20.544
796086.0,5,160,796106.544,20.544
796118.0,14,160,796138.544,20.544
796189.0,18,160,796209.544,20.544
796393.0,2,160,796413.544,20.544
796439.0,49,160,796459.544,20.544
796614.0,17,160,796634.544,20.544
797058.0,20,160,797078.544,20.544
797084.0,31,160,797104.544,20.544
797376.0,10,160,797396.544,20.544
797418.0,9,158,797438.544,20.544
797455.9513417877,46,140,797476.4953417877,20.544
797518.0,28,157,797538.544,20.544
797553.744594721,7,156,797574.288594721,20.544
797614.0,26,160,797634.544,20.544
797645.7015051192,25,160,797666.2455051192,20.544
797685.0,11,160,797705.544,20.544
797815.0,35,160,797835.544,20.544
797868.0,40,160,797888.544,20.544
797898.8521003599,37,152,797919.3961003599,20.544
797949.0,27,160,797969.544,20.544
798062.0,43,160,798082.544,20.544
798138.0,38,160,798158.544,20.544
798239.0,6,160,798259.544,20.544
798340.0,3,160,798360.544,20.544
798369.0,42,159,798389.544,20.544
798413.3355357224,19,154,798433.8795357224,20.544
798563.0,36,160,798583.544,20.544
798597.0,13,160,798617.544,20.544
798660.0,23,160,798680.544,20.544
798782.0,15,160,798802.544,20.544
798886.0,30,160,798906.544,20.544
799048.0,0,160,799068.544,20.544
799238.0,21,160,799258.544,20.544
799304.0,16,160,799324.544,20.544
799336.2173699638,33,160,799356.7613699638,20.544
799519.0,47,160,799539.544,20.544
799647.0,4,160,799667.544,20.544
799809.0,8,160,799829.544,20.544
799839.0,44,160,799859.544,20.544
799881.0,29,160,799901.544,20.544
800224.0,39,161,800244.544,20.544
800270.0,1,161,800290.544,20.544
800356.0,48,161,800376.544,20.544
800438.0,24,161,800458.544,20.544
800541.0,32,161,800561.544,20.544
800596.0,22,161,800616.544,20.544
800633.3519692203,34,147,800653.8959692203,20.544
800669.9194692424,45,152,800690.4634692424,20.544
800698.4063451919,12,161,800718.9503451919,20.544
800890.0,41,161,800910.544,20.544
801086.0,5,161,801106.544,20.544
801118.0,14,161,801138.544,20.544
801189.0,18,161,801209.544,20.544
801393.0,2,161,801413.544,20.544
801439.0,49,161,801459.544,20.544
801614.0,17,161,801634.544,20.544
802058.0,20,161,802078.544,20.544
802084.0,31,161,802104.544,20.544
802376.0,10,161,802396.544,20.544
802407.9715319583,46,141,802428.5155319583,20.544
802434.1065853542,9,159,802454.6505853542,20.544
802518.0,28,158,802538.544,20.544
802544.088263979,7,157,802564.632263979,20.544
802614.0,26,161,802634.544,20.544
802656.5936130522,25,161,802677.1376130522,20.544
802685.0,11,161,802705.544,20.544
802815.0,35,161,802835.544,20.544
802868.0,40,161,802888.544,20.544
802900.1914721556,37,153,802920.7354721556,20.544
802949.0,27,161,802969.544,20.544
803062.0,43,161,803082.544,20.544
803138.0,38,161,803158.544,20.544
803239.0,6,161,803259.544,20.544
803340.0,3,161,803360.544,20.544
803369.0,42,160,803389.544,20.544
803395.5334666512,19,155,803416.0774666512,20.544
803563.0,36,161,803583.544,20.544
803597.0,13,161,803617.544,20.544
803660.0,23,161,803680.544,20.544
803782.0,15,161,803802.544,20.544
803886.0,30,161,803906.544,20.544
804048.0,0,161,804068.544,20.544
804238.0,21,161,804258.544,20.544
804304.0,16,161,804324.544,20.544
804348.033967745,33,161,804368.577967745,20.544
804519.0,47,161,804539.544,20.544
804647.0,4,161,804667.544,20.544
804809.0,8,161,804829.544,20.544
804839.0,44,161,804859.544,20.544
804881.0,29,161,804901.544,20.544
805224.0,39,162,805244.544,20.544
805270.0,1,162,805290.544,20.544
805356.0,48,162,805376.544,20.544
805438.0,24,162,805458.544,20.544
805541.0,32,162,805561.544,20.544
805596.0,22,162,805616.544,20.544
805626.2664256282,34,148,805646.8104256282,20.544
805681.0,12,162,805701.544,20.544
805722.9311659684,45,153,805743.4751659684,20.544
805890.0,41,162,805910.544,20.544
806086.0,5,162,806106.544,20.544
806118.0,14,162,806138.544,20.544
806189.0,18,162,806209.544,20.544
806393.0,2,162,806413.544,20.544
806439.0,49,162,806459.544,20.544
806614.0,17,162,806634.544,20.544
807058.0,20,162,807078.544,20.544
807084.0,31,162,807104.544,20.544
807376.0,10,162,807396.544,20.544
807418.0,9,160,807438.544,20.544
807491.41448852,46,142,807511.95848852,20.544
807518.0,28,159,807538.544,20.544
807561.1272534416,7,158,807581.6712534416,20.544
807614.0,26,162,807634.544,20.544
807660.2646833956,25,162,807680.8086833956,20.544
807698.8305443771,11,162,807719.3745443771,20.544
807815.0,35,162,807835.544,20.544
807868.0,40,162,807888.544,20.544
807930.7547286375,37,154,807951.2987286375,20.544
807966.0453447041,27,162,807986.589344704,20.544
808062.0,43,162,808082.544,20.544
808138.0,38,162,808158.544,20.544
808239.0,6,162,808259.544,20.544
808340.0,3,162,808360.544,20.544
808369.0,42,161,808389.544,20.544
808396.702041072,19,156,808417.246041072,20.544
808563.0,36,162,808583.544,20.544
808597.0,13,162,808617.544,20.544
808660.0,23,162,808680.544,20.544
808782.0,15,162,808802.544,20.544
808886.0,30,162,808906.544,20.544
809048.0,0,162,809068.544,20.544
809238.0,21,162,809258.544,20.544
809304.0,16,162,809324.544,20.544
809370.0268678658,33,162,809390.5708678658,20.544
809519.0,47,162,809539.544,20.544
809647.0,4,162,809667.544,20.544
809809.0,8,162,809829.544,20.544
809839.0,44,162,809859.544,20.544
809881.0,29,162,809901.544,20.544
810224.0,39,163,810244.544,20.544
810270.0,1,163,810290.544,20.544
810356.0,48,163,810376.544,20.544
810438.0,24,163,810458.544,20.544
810541.0,32,163,810561.544,20.544
810596.0,22,163,810616.544,20.544
810635.0,45,154,810655.544,20.544
810681.0,12,163,810701.544,20.544
810890.0,41,163,810910.544,20.544
811086.0,5,163,811106.544,20.544
811118.0,14,163,811138.544,20.544
811189.0,18,163,811209.544,20.544
811393.0,2,163,811413.544,20.544
811439.0,49,163,811459.544,20.544
811614.0,17,163,811634.544,20.544
812058.0,20,163,812078.544,20.544
812084.0,31,163,812104.544,20.544
812376.0,10,163,812396.544,20.544
812418.0,9,161,812438.544,20.544
812473.1329836855,46,143,812493.6769836855,20.544
812518.0,28,160,812538.544,20.544
812568.246256723,7,159,812588.790256723,20.544
812614.0,26,163,812634.544,20.544
812660.8280440664,25,163,812681.3720440664,20.544
812703.6957832222,11,163,812724.2397832222,20.544
812815.0,35,163,812835.544,20.544
812868.0,40,163,812888.544,20.544
812898.729829356,37,155,812919.273829356,20.544
812949.0,27,163,812969.544,20.544
813062.0,43,163,813082.544,20.544
813138.0,38,163,813158.544,20.544
813239.0,6,163,813259.544,20.544
813340.0,3,163,813360.544,20.544
813369.0,42,162,813389.544,20.544
813420.296713152,19,157,813440.840713152,20.544
813563.0,36,163,813583.544,20.544
813597.0,13,163,813617.544,20.544
813660.0,23,163,813680.544,20.544
813782.0,15,163,813802.544,20.544
813886.0,30,163,813906.544,20.544
814048.0,0,163,814068.544,20.544
814238.0,21,163,814258.544,20.544
814304.0,16,163,814324.544,20.544
814333.7107459658,33,163,814354.2547459658,20.544
814519.0,47,163,814539.544,20.544
814647.0,4,163,814667.544,20.544
814809.0,8,163,814829.544,20.544
814839.0,44,163,814859.544,20.544
814881.0,29,163,814901.544,20.544
815224.0,39,164,815244.544,20.544
815270.0,1,164,815290.544,20.544
815356.0,48,164,815376.544,20.544
815438.0,24,164,815458.544,20.544
815541.0,32,164,815561.544,20.544
815596.0,22,164,815616.544,20.544
815628.0535775063,34,149,815648.5975775063,20.544
815681.0,12,164,815701.544,20.544
815738.5339016131,45,155,815759.0779016131,20.544
815890.0,41,164,815910.544,20.544
816086.0,5,164,816106.544,20.544
816118.0,14,164,816138.544,20.544
816189.0,18,164,816209.544,20.544
816393.0,2,164,816413.544,20.544
816439.0,49,164,816459.544,20.544
816614.0,17,164,816634.544,20.544
817058.0,20,164,817078.544,20.544
817084.0,31,164,817104.544,20.544
817376.0,10,164,817396.544,20.544
817418.0,9,162,817438.544,20.544
817518.0,28,161,817538.544,20.544
817548.75406643,7,160,817569.29806643,20.544
817614.0,26,164,817634.544,20.544
817647.2234025908,25,164,817667.7674025908,20.544
817685.0,11,164,817705.544,20.544
817815.0,35,164,817835.544,20.544
817868.0,40,164,817888.544,20.544
817930.7295462532,37,156,817951.2735462532,20.544
817972.0674867851,27,164,817992.6114867851,20.544
818062.0,43,164,818082.544,20.544
818138.0,38,164,818158.544,20.544
818239.0,6,164,818259.544,20.544
818340.0,3,164,818360.544,20.544
818369.0,42,163,818389.544,20.544
818399.3522591785,19,158,818419.8962591785,20.544
818563.0,36,164,818583.544,20.544
818597.0,13,164,818617.544,20.544
818660.0,23,164,818680.544,20.544
818782.0,15,164,818802.544,20.544
818886.0,30,164,818906.544,20.544
819048.0,0,164,819068.544,20.544
819238.0,21,164,819258.544,20.544
819304.0,16,164,819324.544,20.544
819519.0,47,164,819539.544,20.544
819647.0,4,164,819667.544,20.544
819809.0,8,164,819829.544,20.544
819839.0,44,164,819859.544,20.544
819881.0,29,164,819901.544,20.544
820224.0,39,165,820244.544,20.544
820270.0,1,165,820290.544,20.544
820356.0,48,165,820376.544,20.544
820438.0,24,165,820458.544,20.544
820541.0,32,165,820561.544,20.544
820596.0,22,165,820616.544,20.544
820621.8340197209,34,150,820642.3780197209,20.544
820681.0,12,165,820701.544,20.544
820727.2572011328,45,156,820747.8012011328,20.544
820890.0,41,165,820910.544,20.544
821086.0,5,165,821106.544,20.544
821118.0,14,165,821138.544,20.544
821189.0,18,165,821209.544,20.544
821393.0,2,165,821413.544,20.544
821439.0,49,165,821459.544,20.544
821614.0,17,165,821634.544,20.544
822058.0,20,165,822078.544,20.544
822084.0,31,165,822104.544,20.544
822376.0,10,165,822396.544,20.544
822414.2359348941,46,144,822434.7799348941,20.544
822459.6679493254,9,163,822480.2119493254,20.544
822518.0,28,162,822538.544,20.544
822551.1976022759,7,161,822571.7416022759,20.544
822614.0,26,165,822634.544,20.544
822650.9007888444,25,165,822671.4447888444,20.544
822685.0,11,165,822705.544,20.544
822815.0,35,165,822835.544,20.544
822868.0,40,165,822888.544,20.544
822898.1135271988,37,157,822918.6575271988,20.544
822949.0,27,165,822969.544,20.544
823062.0,43,165,823082.544,20.544
823138.0,38,165,823158.544,20.544
823239.0,6,165,823259.544,20.544
823340.0,3,165,823360.544,20.544
823367.7569266453,19,159,823388.3009266453,20.544
823463.9201656283,42,164,823484.4641656283,20.544
823563.0,36,165,823583.544,20.544
823597.0,13,165,823617.544,20.544
823660.0,23,165,823680.544,20.544
823782.0,15,165,823802.544,20.544
823886.0,30,165,823906.544,20.544
824048.0,0,165,824068.544,20.544
824238.0,21,165,824258.544,20.544
824304.0,16,165,824324.544,20.544
824338.6278990638,33,164,824359.1718990637,20.544
824519.0,47,165,824539.544,20.544
824647.0,4,165,824667.544,20.544
824809.0,8,165,824829.544,20.544
824839.0,44,165,824859.544,20.544
824881.0,29,165,824901.544,20.544
825224.0,39,166,825244.544,20.544
825270.0,1,166,825290.544,20.544
825356.0,48,166,825376.544,20.544
825438.0,24,166,825458.544,20.544
825541.0,32,166,825561.544,20.544
825596.0,22,166,825616.544,20.544
825635.0,45,157,825655.544,20.544
825681.0,12,166,825701.544,20.544
825890.0,41,166,825910.544,20.544
826086.0,5,166,826106.544,20.544
826118.0,14,166,826138.544,20.544
826189.0,18,166,826209.544,20.544
826393.0,2,166,826413.544,20.544
826439.0,49,166,826459.544,20.544
826614.0,17,166,826634.544,20.544
827058.0,20,166,827078.544,20.544
827084.0,31,166,827104.544,20.544
827376.0,10,166,827396.544,20.544
827404.9390511657,46,145,827425.4830511657,20.544
827435.9329796565,9,164,827456.4769796565,20.544
827518.0,28,163,827538.544,20.544
827545.6109832991,7,162,827566.1549832991,20.544
827614.0,26,166,827634.544,20.544
827659.5625489195,25,166,827680.1065489195,20.544
827686.5446397465,11,166,827707.0886397465,20.544
827815.0,35,166,827835.544,20.544
827868.0,40,166,827888.544,20.544
827893.5454986932,37,158,827914.0894986932,20.544
827949.0,27,166,827969.544,20.544
828062.0,43,166,828082.544,20.544
828138.0,38,166,828158.544,20.544
828239.0,6,166,828259.544,20.544
828340.0,3,166,828360.544,20.544
828369.0,42,165,828389.544,20.544
828482.0435311607,19,160,828502.5875311607,20.544
828563.0,36,166,828583.544,20.544
828597.0,13,166,828617.544,20.544
828660.0,23,166,828680.544,20.544
828782.0,15,166,828802.544,20.544
828886.0,30,166,828906.544,20.544
829048.0,0,166,829068.544,20.544
829238.0,21,166,829258.544,20.544
829304.0,16,166,829324.544,20.544
829332.0553880861,33,165,829352.5993880861,20.544
829519.0,47,166,829539.544,20.544
829647.0,4,166,829667.544,20.544
829809.0,8,166,829829.544,20.544
829839.0,44,166,829859.544,20.544
829881.0,29,166,829901.544,20.544
830224.0,39,167,830244.544,20.544
830270.0,1,167,830290.544,20.544
830356.0,48,167,830376.544,20.544
830438.0,24,167,830458.544,20.544
830541.0,32,167,830561.544,20.544
830596.0,22,167,830616.544,20.544
830635.0,45,158,830655.544,20.544
830681.0,12,167,830701.544,20.544
830732.5943414799,34,151,830753.1383414799,20.544
830890.0,41,167,830910.544,20.544
831086.0,5,167,831106.544,20.544
831118.0,14,167,831138.544,20.544
831189.0,18,167,831209.544,20.544
831393.0,2,167,831413.544,20.544
831439.0,49,167,831459.544,20.544
831614.0,17,167,831634.544,20.544
832058.0,20,167,832078.544,20.544
832084.0,31,167,832104.544,20.544
832376.0,10,167,832396.544,20.544
832418.0,9,165,832438.544,20.544
832518.0,28,164,832538.544,20.544
832545.5772007765,7,163,832566.1212007765,20.544
832614.0,26,167,832634.544,20.544
832647.0979030029,25,167,832667.6419030029,20.544
832685.0,11,167,832705.544,20.544
832815.0,35,167,832835.544,20.544
832868.0,40,167,832888.544,20.544
832912.1300531771,37,159,832932.6740531771,20.544
832949.0,27,167,832969.544,20.544
833062.0,43,167,833082.544,20.544
833138.0,38,167,833158.544,20.544
833239.0,6,167,833259.544,20.544
833340.0,3,167,833360.544,20.544
833369.0,42,166,833389.544,20.544
833419.3127240092,19,161,833439.8567240092,20.544
833563.0,36,167,833583.544,20.544
833597.0,13,167,833617.544,20.544
833660.0,23,167,833680.544,20.544
833782.0,15,167,833802.544,20.544
833886.0,30,167,833906.544,20.544
834048.0,0,167,834068.544,20.544
834238.0,21,167,834258.544,20.544
834304.0,16,167,834324.544,20.544
834330.9541272828,33,166,834351.4981272828,20.544
834519.0,47,167,834539.544,20.544
834647.0,4,167,834667.544,20.544
834809.0,8,167,834829.544,20.544
834839.0,44,167,834859.544,20.544
834881.0,29,167,834901.544,20.544
835224.0,39,168,835244.544,20.544
835270.0,1,168,835290.544,20.544
835356.0,48,168,835376.544,20.544
835438.0,24,168,835458.544,20.544
835541.0,32,168,835561.544,20.544
835596.0,22,168,835616.544,20.544
835630.148995692,34,152,835650.692995692,20.544
835659.3716172347,45,159,835679.9156172347,20.544
835701.9686592243,12,168,835722.5126592243,20.544
835890.0,41,168,835910.544,20.544
836086.0,5,168,836106.544,20.544
836118.0,14,168,836138.544,20.544
836189.0,18,168,836209.544,20.544
836393.0,2,168,836413.544,20.544
836439.0,49,168,836459.544,20.544
836614.0,17,168,836634.544,20.544
837058.0,20,168,837078.544,20.544
837084.0,31,168,837104.544,20.544
837376.0,10,168,837396.544,20.544
837403.224250067,46,146,837423.768250067,20.544
837462.143617,9,166,837482.687617,20.544
837518.0,28,165,837538.544,20.544
837544.3765213925,7,164,837564.9205213925,20.544
837614.0,26,168,837634.544,20.544
837646.7666036037,25,168,837667.3106036037,20.544
837685.0,11,168,837705.544,20.544
837815.0,35,168,837835.544,20.544
837868.0,40,168,837888.544,20.544
837898.4394605067,37,160,837918.9834605067,20.544
837949.0,27,168,837969.544,20.544
838062.0,43,168,838082.544,20.544
838138.0,38,168,838158.544,20.544
838239.0,6,168,838259.544,20.544
838340.0,3,168,838360.544,20.544
838369.0,42,167,838389.544,20.544
838411.0896597549,19,162,838431.6336597549,20.544
838563.0,36,168,838583.544,20.544
838597.0,13,168,838617.544,20.544
838660.0,23,168,838680.544,20.544
838782.0,15,168,838802.544,20.544
838886.0,30,168,838906.544,20.544
839048.0,0,168,839068.544,20.544
839238.0,21,168,839258.544,20.544
839304.0,16,168,839324.544,20.544
839336.4592850565,33,167,839357.0032850564,20.544
839519.0,47,168,839539.544,20.544
839647.0,4,168,839667.544,20.544
839809.0,8,168,839829.544,20.544
839839.0,44,168,839859.544,20.544
839881.0,29,168,839901.544,20.544
840224.0,39,169,840244.544,20.544
840270.0,1,169,840290.544,20.544
840356.0,48,169,840376.544,20.544
840438.0,24,169,840458.544,20.544
840541.0,32,169,840561.544,20.544
840596.0,22,169,840616.544,20.544
840631.6022269218,34,153,840652.1462269218,20.544
840658.5333252412,45,160,840679.0773252412,20.544
840699.5548144035,12,169,840720.0988144035,20.544
840890.0,41,169,840910.544,20.544
841086.0,5,169,841106.544,20.544
841118.0,14,169,841138.544,20.544
841189.0,18,169,841209.544,20.544
841393.0,2,169,841413.544,20.544
841439.0,49,169,841459.544,20.544
841614.0,17,169,841634.544,20.544
842058.0,20,169,842078.544,20.544
842084.0,31,169,842104.544,20.544
842376.0,10,169,842396.544,20.544
842418.0,9,167,842438.544,20.544
842517.5054649853,46,147,842538.0494649853,20.544
842550.3565247345,7,165,842570.9005247345,20.544
842589.0310702848,28,166,842609.5750702848,20.544
842621.1830044229,26,169,842641.7270044229,20.544
842659.509301802,25,169,842680.053301802,20.544
842687.2637095421,11,169,842707.8077095421,20.544
842815.0,35,169,842835.544,20.544
842868.0,40,169,842888.544,20.544
842897.5674856325,37,161,842918.1114856325,20.544
842949.0,27,169,842969.544,20.544
843062.0,43,169,843082.544,20.544
843138.0,38,169,843158.544,20.544
843239.0,6,169,843259.544,20.544
843340.0,3,169,843360.544,20.544
843367.0683196791,19,163,843387.6123196791,20.544
843430.4724667424,42,168,843451.0164667424,20.544
843563.0,36,169,843583.544,20.544
843597.0,13,169,843617.544,20.544
843660.0,23,169,843680.544,20.544
843782.0,15,169,843802.544,20.544
843886.0,30,169,843906.544,20.544
844048.0,0,169,844068.544,20.544
844238.0,21,169,844258.544,20.544
844304.0,16,169,844324.544,20.544
844339.5039762195,33,168,844360.0479762194,20.544
844519.0,47,169,844539.544,20.544
844647.0,4,169,844667.544,20.544
844809.0,8,169,844829.544,20.544
844839.0,44,169,844859.544,20.544
844881.0,29,169,844901.544,20.544
845224.0,39,170,845244.544,20.544
845270.0,1,170,845290.544,20.544
845356.0,48,170,845376.544,20.544
845438.0,24,170,845458.544,20.544
845541.0,32,170,845561.544,20.544
845596.0,22,170,845616.544,20.544
845635.0,45,161,845655.544,20.544
845681.0,12,170,845701.544,20.544
845890.0,41,170,845910.544,20.544
846086.0,5,170,846106.544,20.544
846118.0,14,170,846138.544,20.544
846189.0,18,170,846209.544,20.544
846393.0,2,170,846413.544,20.544
846439.0,49,170,846459.544,20.544
846614.0,17,170,846634.544,20.544
847058.0,20,170,847078.544,20.544
847084.0,31,170,847104.544,20.544
847376.0,10,170,847396.544,20.544
847418.0,9,168,847438.544,20.544
847464.8610104818,46,148,847485.4050104818,20.544
847518.0,28,167,847538.544,20.544
847550.8864570871,7,166,847571.4304570871,20.544
847614.0,26,170,847634.544,20.544
847658.212917594,25,170,847678.756917594,20.544
847685.0,11,170,847705.544,20.544
847815.0,35,170,847835.544,20.544
847868.0,40,170,847888.544,20.544
847896.9624194163,37,162,847917.5064194163,20.544
847949.0,27,170,847969.544,20.544
848062.0,43,170,848082.544,20.544
848138.0,38,170,848158.544,20.544
848239.0,6,170,848259.544,20.544
848340.0,3,170,848360.544,20.544
848369.0,42,169,848389.544,20.544
848434.7873937583,19,164,848455.3313937583,20.544
848563.0,36,170,848583.544,20.544
848597.0,13,170,848617.544,20.544
848660.0,23,170,848680.544,20.544
848782.0,15,170,848802.544,20.544
848886.0,30,170,848906.544,20.544
849048.0,0,170,849068.544,20.544
849238.0,21,170,849258.544,20.544
849304.0,16,170,849324.544,20.544
849351.7430947114,33,169,849372.2870947114,20.544
849519.0,47,170,849539.544,20.544
849647.0,4,170,849667.544,20.544
849809.0,8,170,849829.544,20.544
849839.0,44,170,849859.544,20.544
849881.0,29,170,849901.544,20.544
850224.0,39,171,850244.544,20.544
850270.0,1,171,850290.544,20.544
850356.0,48,171,850376.544,20.544
850438.0,24,171,850458.544,20.544
850541.0,32,171,850561.544,20.544
850596.0,22,171,850616.544,20.544
850631.4930596027,34,154,850652.0370596027,20.544
850660.4636614162,45,162,850681.0076614162,20.544
850702.781981354,12,171,850723.325981354,20.544
850890.0,41,171,850910.544,20.544
851086.0,5,171,851106.544,20.544
851118.0,14,171,851138.544,20.544
851189.0,18,171,851209.544,20.544
851393.0,2,171,851413.544,20.544
851439.0,49,171,851459.544,20.544
851614.0,17,171,851634.544,20.544
852058.0,20,171,852078.544,20.544
852084.0,31,171,852104.544,20.544
852376.0,10,171,852396.544,20.544
852418.0,9,169,852438.544,20.544
852481.9579881304,46,149,852502.5019881304,20.544
852518.0,28,168,852538.544,20.544
852560.8503438251,7,167,852581.394343825,20.544
852614.0,26,171,852634.544,20.544
852659.4887221617,25,171,852680.0327221617,20.544
852686.8763485544,11,171,852707.4203485544,20.544
852815.0,35,171,852835.544,20.544
852868.0,40,171,852888.544,20.544
852903.2018512017,37,163,852923.7458512017,20.544
852949.0,27,171,852969.544,20.544
853062.0,43,171,853082.544,20.544
853138.0,38,171,853158.544,20.544
853239.0,6,171,853259.544,20.544
853340.0,3,171,853360.544,20.544
853369.0,42,170,853389.544,20.544
853459.9316858585,19,165,853480.4756858585,20.544
853563.0,36,171,853583.544,20.544
853597.0,13,171,853617.544,20.544
853660.0,23,171,853680.544,20.544
853782.0,15,171,853802.544,20.544
853886.0,30,171,853906.544,20.544
854048.0,0,171,854068.544,20.544
854238.0,21,171,854258.544,20.544
854304.0,16,171,854324.544,20.544
854335.0262723995,33,170,854355.5702723995,20.544
854519.0,47,171,854539.544,20.544
854647.0,4,171,854667.544,20.544
854809.0,8,171,854829.544,20.544
854839.0,44,171,854859.544,20.544
854881.0,29,171,854901.544,20.544
855224.0,39,172,855244.544,20.544
855270.0,1,172,855290.544,20.544
855356.0,48,172,855376.544,20.544
855438.0,24,172,855458.544,20.544
855541.0,32,172,855561.544,20.544
855596.0,22,172,855616.544,20.544
855626.8460168144,34,155,855647.3900168143,20.544
855657.3881197616,45,163,855677.9321197616,20.544
855701.9135353502,12,172,855722.4575353502,20.544
855890.0,41,172,855910.544,20.544
856086.0,5,172,856106.544,20.544
856118.0,14,172,856138.544,20.544
856189.0,18,172,856209.544,20.544
856393.0,2,172,856413.544,20.544
856439.0,49,172,856459.544,20.544
856614.0,17,172,856634.544,20.544
857058.0,20,172,857078.544,20.544
857084.0,31,172,857104.544,20.544
857376.0,10,172,857396.544,20.544
857411.1426419362,46,150,857431.6866419362,20.544
857455.2980339713,9,170,857475.8420339713,20.544
857518.0,28,169,857538.544,20.544
857547.4597772729,7,168,857568.0037772729,20.544
857614.0,26,172,857634.544,20.544
857658.9198986456,25,172,857679.4638986456,20.544
857685.0,11,172,857705.544,20.544
857815.0,35,172,857835.544,20.544
857868.0,40,172,857888.544,20.544
857913.2872496849,37,164,857933.8312496849,20.544
857949.0,27,172,857969.544,20.544
858062.0,43,172,858082.544,20.544
858138.0,38,172,858158.544,20.544
858239.0,6,172,858259.544,20.544
858340.0,3,172,858360.544,20.544
858369.0,42,171,858389.544,20.544
858399.2605839164,19,166,858419.8045839164,20.544
858563.0,36,172,858583.544,20.544
858597.0,13,172,858617.544,20.544
858660.0,23,172,858680.544,20.544
858782.0,15,172,858802.544,20.544
858886.0,30,172,858906.544,20.544
859048.0,0,172,859068.544,20.544
859238.0,21,172,859258.544,20.544
859304.0,16,172,859324.544,20.544
859369.4867874573,33,171,859390.0307874572,20.544
859519.0,47,172,859539.544,20.544
859647.0,4,172,859667.544,20.544
859809.0,8,172,859829.544,20.544
859839.0,44,172,859859.544,20.544
859881.0,29,172,859901.544,20.544
860224.0,39,173,860244.544,20.544
860270.0,1,173,860290.544,20.544
860356.0,48,173,860376.544,20.544
860438.0,24,173,860458.544,20.544
860541.0,32,173,860561.544,20.544
860596.0,22,173,860616.544,20.544
860629.8904721449,34,156,860650.4344721449,20.544
860664.823754413,45,164,860685.367754413,20.544
860692.7643359422,12,173,860713.3083359422,20.544
860890.0,41,173,860910.544,20.544
861086.0,5,173,861106.544,20.544
861118.0,14,173,861138.544,20.544
861189.0,18,173,861209.544,20.544
861393.0,2,173,861413.544,20.544
861439.0,49,173,861459.544,20.544
861614.0,17,173,861634.544,20.544
862058.0,20,173,862078.544,20.544
862084.0,31,173,862104.544,20.544
862376.0,10,173,862396.544,20.544
862406.004471826,46,151,862426.548471826,20.544
862443.6285535211,9,171,862464.1725535211,20.544
862518.0,28,170,862538.544,20.544
862548.604861329,7,169,862569.148861329,20.544
862614.0,26,173,862634.544,20.544
862649.6416530003,25,173,862670.1856530003,20.544
862685.0,11,173,862705.544,20.544
862815.0,35,173,862835.544,20.544
862868.0,40,173,862888.544,20.544
862928.6526242639,37,165,862949.1966242639,20.544
862980.4328447618,27,173,863000.9768447618,20.544
863062.0,43,173,863082.544,20.544
863138.0,38,173,863158.544,20.544
863239.0,6,173,863259.544,20.544
863340.0,3,173,863360.544,20.544
863369.0,42,172,863389.544,20.544
863420.3453427902,19,167,863440.8893427902,20.544
863563.0,36,173,863583.544,20.544
863597.0,13,173,863617.544,20.544
863660.0,23,173,863680.544,20.544
863782.0,15,173,863802.544,20.544
863886.0,30,173,863906.544,20.544
864048.0,0,173,864068.544,20.544
864238.0,21,173,864258.544,20.544
864304.0,16,173,864324.544,20.544
864339.5808969935,33,172,864360.1248969935,20.544
864519.0,47,173,864539.544,20.544
864647.0,4,173,864667.544,20.544
864809.0,8,173,864829.544,20.544
864839.0,44,173,864859.544,20.544
864881.0,29,173,864901.544,20.544
865224.0,39,174,865244.544,20.544
865270.0,1,174,865290.544,20.544
865356.0,48,174,865376.544,20.544
865438.0,24,174,865458.544,20.544
865541.0,32,174,865561.544,20.544
865596.0,22,174,865616.544,20.544
865635.0,45,165,865655.544,20.544
865671.5984281844,34,157,865692.1424281844,20.544
865733.9550458296,12,174,865754.4990458296,20.544
865890.0,41,174,865910.544,20.544
866086.0,5,174,866106.544,20.544
866118.0,14,174,866138.544,20.544
866189.0,18,174,866209.544,20.544
866393.0,2,174,866413.544,20.544
866439.0,49,174,866459.544,20.544
866614.0,17,174,866634.544,20.544
867058.0,20,174,867078.544,20.544
867084.0,31,174,867104.544,20.544
867376.0,10,174,867396.544,20.544
867418.0,9,172,867438.544,20.544
867491.0140309971,46,152,867511.558030997,20.544
867518.0,28,171,867538.544,20.544
867551.0983820842,7,170,867571.6423820842,20.544
867614.0,26,174,867634.544,20.544
867655.6342511307,25,174,867676.1782511307,20.544
867685.0,11,174,867705.544,20.544
867815.0,35,174,867835.544,20.544
867868.0,40,174,867888.544,20.544
867896.584503943,37,166,867917.128503943,20.544
867949.0,27,174,867969.544,20.544
868062.0,43,174,868082.544,20.544
868138.0,38,174,868158.544,20.544
868239.0,6,174,868259.544,20.544
868340.0,3,174,868360.544,20.544
868369.0,42,173,868389.544,20.544
868430.1879556645,19,168,868450.7319556645,20.544
868563.0,36,174,868583.544,20.544
868597.0,13,174,868617.544,20.544
868660.0,23,174,868680.544,20.544
868782.0,15,174,868802.544,20.544
868886.0,30,174,868906.544,20.544
869048.0,0,174,869068.544,20.544
869238.0,21,174,869258.544,20.544
869304.0,16,174,869324.544,20.544
869337.531982234,33,173,869358.075982234,20.544
869519.0,47,174,869539.544,20.544
869647.0,4,174,869667.544,20.544
869809.0,8,174,869829.544,20.544
869839.0,44,174,869859.544,20.544
869881.0,29,174,869901.544,20.544
870224.0,39,175,870244.544,20.544
870270.0,1,175,870290.544,20.544
870356.0,48,175,870376.544,20.544
870438.0,24,175,870458.544,20.544
870541.0,32,175,870561.544,20.544
870596.0,22,175,870616.544,20.544
870634.1920368633,34,158,870654.7360368633,20.544
870675.7280916189,45,166,870696.2720916189,20.544
870744.5892657583,12,175,870765.1332657583,20.544
870890.0,41,175,870910.544,20.544
871086.0,5,175,871106.544,20.544
871118.0,14,175,871138.544,20.544
871189.0,18,175,871209.544,20.544
871393.0,2,175,871413.544,20.544
871439.0,49,175,871459.544,20.544
871614.0,17,175,871634.544,20.544
872058.0,20,175,872078.544,20.544
872084.0,31,175,872104.544,20.544
872376.0,10,175,872396.544,20.544
872418.0,9,173,872438.544,20.544
872505.4836461667,46,153,872526.0276461667,20.544
872539.9993547207,28,172,872560.5433547207,20.544
872603.0003427584,7,171,872623.5443427584,20.544
872636.0,25,175,872656.544,20.544
872685.0,11,175,872705.544,20.544
872746.2312886473,26,175,872766.7752886473,20.544
872815.0,35,175,872835.544,20.544
872868.0,40,175,872888.544,20.544
872898.7013571573,37,167,872919.2453571573,20.544
872949.0,27,175,872969.544,20.544
873062.0,43,175,873082.544,20.544
873138.0,38,175,873158.544,20.544
873239.0,6,175,873259.544,20.544
873340.0,3,175,873360.544,20.544
873369.0,42,174,873389.544,20.544
873400.7605687365,19,169,873421.3045687365,20.544
873563.0,36,175,873583.544,20.544
873597.0,13,175,873617.544,20.544
873660.0,23,175,873680.544,20.544
873782.0,15,175,873802.544,20.544
873886.0,30,175,873906.544,20.544
874048.0,0,175,874068.544,20.544
874238.0,21,175,874258.544,20.544
874304.0,16,175,874324.544,20.544
874342.5962395826,33,174,874363.1402395826,20.544
874519.0,47,175,874539.544,20.544
874647.0,4,175,874667.544,20.544
874809.0,8,175,874829.544,20.544
874839.0,44,175,874859.544,20.544
874881.0,29,175,874901.544,20.544
875224.0,39,176,875244.544,20.544
875270.0,1,176,875290.544,20.544
875356.0,48,176,875376.544,20.544
875438.0,24,176,875458.544,20.544
875541.0,32,176,875561.544,20.544
875596.0,22,176,875616.544,20.544
875622.9450874889,34,159,875643.4890874889,20.544
875653.4955987826,45,167,875674.0395987825,20.544
875681.0,12,176,875701.544,20.544
875890.0,41,176,875910.544,20.544
876086.0,5,176,876106.544,20.544
876118.0,14,176,876138.544,20.544
876189.0,18,176,876209.544,20.544
876393.0,2,176,876413.544,20.544
876439.0,49,176,876459.544,20.544
876614.0,17,176,876634.544,20.544
877058.0,20,176,877078.544,20.544
877084.0,31,176,877104.544,20.544
877376.0,10,176,877396.544,20.544
877406.0383961693,46,154,877426.5823961693,20.544
877460.5308421879,9,174,877481.0748421879,20.544
877518.0,28,173,877538.544,20.544
877565.0451141566,7,172,877585.5891141566,20.544
877614.0,26,176,877634.544,20.544
877640.8966941611,25,176,877661.4406941611,20.544
877685.0,11,176,877705.544,20.544
877815.0,35,176,877835.544,20.544
877868.0,40,176,877888.544,20.544
877936.0645524132,37,168,877956.6085524132,20.544
877999.4205965482,27,176,878019.9645965482,20.544
878062.0,43,176,878082.544,20.544
878138.0,38,176,878158.544,20.544
878239.0,6,176,878259.544,20.544
878340.0,3,176,878360.544,20.544
878365.7589654189,19,170,878386.3029654189,20.544
878421.7439485027,42,175,878442.2879485027,20.544
878563.0,36,176,878583.544,20.544
878597.0,13,176,878617.544,20.544
878660.0,23,176,878680.544,20.544
878782.0,15,176,878802.544,20.544
878886.0,30,176,878906.544,20.544
879048.0,0,176,879068.544,20.544
879238.0,21,176,879258.544,20.544
879304.0,16,176,879324.544,20.544
879339.6549790403,33,175,879360.1989790403,20.544
879519.0,47,176,879539.544,20.544
879647.0,4,176,879667.544,20.544
879809.0,8,176,879829.544,20.544
879839.0,44,176,879859.544,20.544
879881.0,29,176,879901.544,20.544
880224.0,39,177,880244.544,20.544
880270.0,1,177,880290.544,20.544
880356.0,48,177,880376.544,20.544
880438.0,24,177,880458.544,20.544
880541.0,32,177,880561.544,20.544
880596.0,22,177,880616.544,20.544
880635.0,45,168,880655.544,20.544
880667.8205374227,34,160,880688.3645374227,20.544
880731.2995850854,12,177,880751.8435850854,20.544
880890.0,41,177,880910.544,20.544
881086.0,5,177,881106.544,20.544
881118.0,14,177,881138.544,20.544
881189.0,18,177,881209.544,20.544
881393.0,2,177,881413.544,20.544
881439.0,49,177,881459.544,20.544
881614.0,17,177,881634.544,20.544
882058.0,20,177,882078.544,20.544
882084.0,31,177,882104.544,20.544
882376.0,10,177,882396.544,20.544
882418.0,9,175,882438.544,20.544
882486.8856633604,46,155,882507.4296633604,20.544
882518.0,28,174,882538.544,20.544
882564.0301289813,7,173,882584.5741289813,20.544
882614.0,26,177,882634.544,20.544
882642.1101946422,25,177,882662.6541946422,20.544
882685.0,11,177,882705.544,20.544
882815.0,35,177,882835.544,20.544
882868.0,40,177,882888.544,20.544
882902.4377533193,37,169,882922.9817533193,20.544
882949.0,27,177,882969.544,20.544
883062.0,43,177,883082.544,20.544
883138.0,38,177,883158.544,20.544
883239.0,6,177,883259.544,20.544
883340.0,3,177,883360.544,20.544
883369.0,42,176,883389.544,20.544
883424.8585948583,19,171,883445.4025948583,20.544
883563.0,36,177,883583.544,20.544
883597.0,13,177,883617.544,20.544
883660.0,23,177,883680.544,20.544
883782.0,15,177,883802.544,20.544
883886.0,30,177,883906.544,20.544
884048.0,0,177,884068.544,20.544
884238.0,21,177,884258.544,20.544
884304.0,16,177,884324.544,20.544
884332.8618430733,33,176,884353.4058430733,20.544
884519.0,47,177,884539.544,20.544
884647.0,4,177,884667.544,20.544
884809.0,8,177,884829.544,20.544
884839.0,44,177,884859.544,20.544
884881.0,29,177,884901.544,20.544
885224.0,39,178,885244.544,20.544
885270.0,1,178,885290.544,20.544
885356.0,48,178,885376.544,20.544
885438.0,24,178,885458.544,20.544
885541.0,32,178,885561.544,20.544
885596.0,22,178,885616.544,20.544
885635.0,45,169,885655.544,20.544
885681.0,12,178,885701.544,20.544
885890.0,41,178,885910.544,20.544
886086.0,5,178,886106.544,20.544
886118.0,14,178,886138.544,20.544
886189.0,18,178,886209.544,20.544
886393.0,2,178,886413.544,20.544
886439.0,49,178,886459.544,20.544
886614.0,17,178,886634.544,20.544
887058.0,20,178,887078.544,20.544
887084.0,31,178,887104.544,20.544
887376.0,10,178,887396.544,20.544
887412.8385743032,46,156,887433.3825743032,20.544
887454.0032076796,9,176,887474.5472076796,20.544
887518.0,28,175,887538.544,20.544
887545.8994719171,7,174,887566.4434719171,20.544
887614.0,26,178,887634.544,20.544
887642.7319115599,25,178,887663.2759115599,20.544
887685.0,11,178,887705.544,20.544
887815.0,35,178,887835.544,20.544
887868.0,40,178,887888.544,20.544
887896.67992423,37,170,887917.22392423,20.544
887949.0,27,178,887969.544,20.544
888062.0,43,178,888082.544,20.544
888138.0,38,178,888158.544,20.544
888239.0,6,178,888259.544,20.544
888340.0,3,178,888360.544,20.544
888369.0,42,177,888389.544,20.544
888397.4466827036,19,172,888417.9906827036,20.544
888563.0,36,178,888583.544,20.544
888597.0,13,178,888617.544,20.544
888660.0,23,178,888680.544,20.544
888782.0,15,178,888802.544,20.544
888886.0,30,178,888906.544,20.544
889048.0,0,178,889068.544,20.544
889238.0,21,178,889258.544,20.544
889304.0,16,178,889324.544,20.544
889339.7811343638,33,177,889360.3251343638,20.544
889519.0,47,178,889539.544,20.544
889647.0,4,178,889667.544,20.544
889809.0,8,178,889829.544,20.544
889839.0,44,178,889859.544,20.544
889881.0,29,178,889901.544,20.544
890224.0,39,179,890244.544,20.544
890270.0,1,179,890290.544,20.544
890356.0,48,179,890376.544,20.544
890438.0,24,179,890458.544,20.544
890541.0,32,179,890561.544,20.544
890596.0,22,179,890616.544,20.544
890630.8919988974,34,161,890651.4359988974,20.544
890663.5395371217,45,170,890684.0835371217,20.544
890703.4786935797,12,179,890724.0226935797,20.544
890890.0,41,179,890910.544,20.544
891086.0,5,179,891106.544,20.544
891118.0,14,179,891138.544,20.544
891189.0,18,179,891209.544,20.544
891393.0,2,179,891413.544,20.544
891439.0,49,179,891459.544,20.544
891614.0,17,179,891634.544,20.544
892058.0,20,179,892078.544,20.544
892084.0,31,179,892104.544,20.544
892376.0,10,179,892396.544,20.544
892418.0,9,177,892438.544,20.544
892464.4886420358,46,157,892485.0326420357,20.544
892518.0,28,176,892538.544,20.544
892552.9570855882,7,175,892573.5010855882,20.544
892614.0,26,179,892634.544,20.544
892650.6959705353,25,179,892671.2399705353,20.544
892685.0,11,179,892705.544,20.544
892815.0,35,179,892835.544,20.544
892868.0,40,179,892888.544,20.544
892924.8917952926,37,171,892945.4357952926,20.544
892968.2624591825,27,179,892988.8064591825,20.544
893062.0,43,179,893082.544,20.544
893138.0,38,179,893158.544,20.544
893239.0,6,179,893259.544,20.544
893340.0,3,179,893360.544,20.544
893369.0,42,178,893389.544,20.544
893429.3736760708,19,173,893449.9176760708,20.544
893563.0,36,179,893583.544,20.544
893597.0,13,179,893617.544,20.544
893660.0,23,179,893680.544,20.544
893782.0,15,179,893802.544,20.544
893886.0,30,179,893906.544,20.544
894048.0,0,179,894068.544,20.544
894238.0,21,179,894258.544,20.544
894304.0,16,179,894324.544,20.544
894339.6987060109,33,178,894360.2427060109,20.544
894519.0,47,179,894539.544,20.544
894647.0,4,179,894667.544,20.544
894809.0,8,179,894829.544,20.544
894839.0,44,179,894859.544,20.544
894881.0,29,179,894901.544,20.544
895224.0,39,180,895244.544,20.544
895270.0,1,180,895290.544,20.544
895356.0,48,180,895376.544,20.544
895438.0,24,180,895458.544,20.544
895541.0,32,180,895561.544,20.544
895596.0,22,180,895616.544,20.544
895624.6175849468,34,162,895645.1615849468,20.544
895676.6215745441,45,171,895697.1655745441,20.544
895725.8237795469,12,180,895746.3677795469,20.544
895890.0,41,180,895910.544,20.544
896086.0,5,180,896106.544,20.544
896118.0,14,180,896138.544,20.544
896189.0,18,180,896209.544,20.544
896393.0,2,180,896413.544,20.544
896439.0,49,180,896459.544,20.544
896614.0,17,180,896634.544,20.544
897058.0,20,180,897078.544,20.544
897084.0,31,180,897104.544,20.544
897376.0,10,180,897396.544,20.544
897418.0,9,178,897438.544,20.544
897485.0785901394,46,158,897505.6225901394,20.544
897518.0,28,177,897538.544,20.544
897545.5885818576,7,176,897566.1325818576,20.544
897614.0,26,180,897634.544,20.544
897660.9843309064,25,180,897681.5283309064,20.544
897697.7843273444,11,180,897718.3283273444,20.544
897815.0,35,180,897835.544,20.544
897868.0,40,180,897888.544,20.544
897899.7619724593,37,172,897920.3059724593,20.544
897949.0,27,180,897969.544,20.544
898062.0,43,180,898082.544,20.544
898138.0,38,180,898158.544,20.544
898239.0,6,180,898259.544,20.544
898340.0,3,180,898360.544,20.544
898369.0,42,179,898389.544,20.544
898413.223272836,19,174,898433.767272836,20.544
898563.0,36,180,898583.544,20.544
898597.0,13,180,898617.544,20.544
898660.0,23,180,898680.544,20.544
898782.0,15,180,898802.544,20.544
898886.0,30,180,898906.544,20.544
899048.0,0,180,899068.544,20.544
899238.0,21,180,899258.544,20.544
899304.0,16,180,899324.544,20.544
899353.97905974,33,179,899374.52305974,20.544
899519.0,47,180,899539.544,20.544
899647.0,4,180,899667.544,20.544
899809.0,8,180,899829.544,20.544
899839.0,44,180,899859.544,20.544
899881.0,29,180,899901.544,20.544
